3 3 12
2 2 18
3 3 16
4 4 35
4 4 26
4 4 35
2 2 25
3 3 14
4 4 25
1 1 6
3 3 22
2 2 22
2 2 19
3 3 22
4 4 23
4 4 34
1 1 9
3 3 29
4 3 14
2 2 15
2 1 15
2 2 18
4 4 24
4 4 19
3 3 28
2 2 18
1 1 8
2 2 21
2 2 7
4 4 34
2 2 22
3 3 28
4 4 27
2 2 15
2 2 19
4 4 27
2 2 20
2 2 13
2 2 17
4 4 26
4 4 24
4 4 21
2 2 21
3 3 15
4 3 14
3 3 15
2 2 15
2 1 12
2 2 15
4 4 27
2 2 17
4 4 28
2 2 15
4 4 28
1 1 8
3 3 14
4 4 34
2 2 16
2 2 15
3 3 21
4 4 30
3 3 17
3 3 15
2 2 14
4 3 28
3 3 17
3 2 21
4 4 26
2 2 20
3 3 23
4 4 23
2 2 19
3 3 14
3 3 24
4 4 25
3 3 22
2 2 23
4 3 26
3 3 17
4 4 21
4 4 26
3 2 25
1 1 8
2 1 12
4 4 28
3 3 20
1 1 8
3 3 17
4 4 31
4 4 26
2 2 6
4 4 26
2 2 10
2 1 13
3 3 20
3 3 21
2 2 17
3 3 22
3 3 21
3 3 14
2 2 15
2 2 12
4 4 35
2 2 13
4 4 23
4 4 26
2 2 18
3 3 18
4 4 23
4 4 27
3 3 12
2 2 23
4 4 35
2 2 17
2 2 20
4 4 29
4 4 20
4 4 38
3 3 22
1 1 8
4 4 27
1 1 7
3 3 14
4 4 18
2 2 13
2 2 23
4 4 23
2 2 6
2 2 15
4 4 31
4 4 23
1 1 8
3 3 17
2 2 21
3 3 22
3 3 12
3 3 16
2 2 12
4 4 21
3 3 26
4 4 21
3 3 11
4 4 25
2 2 26
1 1 5
3 3 17
4 4 16
4 4 28
3 3 14
3 3 12
4 4 36
3 3 12
4 4 21
2 2 23
2 2 5
2 2 18
2 2 25
3 3 17
4 4 22
4 4 13
1 1 4
3 3 34
2 2 15
3 3 29
3 2 16
2 2 19
4 4 25
3 3 24
3 3 25
3 3 29
4 4 33
4 4 23
2 2 27
3 3 16
3 3 16
3 3 22
2 2 20
3 3 14
3 3 22
2 2 22
2 2 20
2 2 15
2 2 21
4 4 31
4 4 23
2 2 16
3 3 17
3 3 26
4 4 26
3 3 24
3 3 18
4 4 24
1 1 9
4 4 28
3 3 22
4 4 32
3 3 12
3 3 27
4 4 39
3 3 25
3 3 27
2 2 23
3 3 20
3 3 37
2 2 23
3 3 33
1 1 9
4 4 29
2 2 24
2 2 6
2 2 22
3 3 14
4 4 27
3 3 26
3 3 19
3 3 21
3 3 20
4 4 15
4 4 27
2 2 15
4 4 27
2 2 6
2 2 23
3 3 11
2 2 14
2 2 22
4 4 26
4 4 23
2 2 12
2 2 14
3 3 33
2 2 15
3 3 21
2 1 16
3 3 17
4 4 20
3 3 20
2 2 20
3 3 34
4 4 33
2 2 22
4 4 20
3 3 20
1 1 14
4 4 23
2 2 17
3 3 17
4 4 24
2 2 23
3 3 36
3 3 14
3 3 19
4 4 31
4 4 35
3 3 26
2 2 21
4 4 26
2 2 13
4 4 22
4 4 28
3 3 20
3 3 27
4 4 23
4 4 20
4 4 33
3 3 23
3 3 18
2 2 23
3 3 32
3 3 21
4 4 27
3 3 22
2 2 21
2 2 23
3 3 33
2 2 25
4 3 36
2 2 10
4 4 33
4 4 27
4 4 29
4 4 26
2 2 21
2 2 22
4 4 23
2 2 16
2 2 23
2 2 7
4 4 30
2 2 21
3 3 20
4 4 26
2 2 12
2 2 12
2 1 20
2 2 20
3 2 28
2 2 18
3 3 27
4 4 27
2 2 10
2 2 23
4 4 23
2 2 15
2 2 23
4 4 25
4 4 14
4 4 23
2 2 21
2 2 21
4 4 18
3 3 33
2 2 7
2 2 13
3 3 31
3 3 12
4 4 27
2 2 16
4 4 23
3 3 30
2 2 15
3 3 20
3 3 27
3 3 31
2 2 19
2 2 15
4 4 26
4 4 24
2 2 12
2 2 15
3 3 20
4 4 26
3 3 17
2 2 15
3 3 17
2 2 15
2 2 13
3 3 19
2 2 19
2 2 18
2 2 23
2 2 12
4 4 30
3 2 21
3 3 21
4 4 25
1 1 2
2 2 26
2 2 6
4 4 24
3 3 28
4 4 21
2 2 17
3 3 21
2 2 16
4 4 30
4 4 16
3 3 17
3 3 27
2 2 22
4 4 28
3 3 14
3 3 21
4 4 23
2 2 4
3 3 20
2 2 13
4 4 31
4 4 25
4 4 31
2 2 22
2 2 15
2 2 21
2 1 15
2 2 21
3 3 21
3 3 14
3 3 21
3 3 30
2 2 27
3 3 14
4 4 28
2 2 27
2 2 15
3 3 25
3 3 15
3 3 17
2 2 24
4 4 26
4 4 33
2 2 14
4 4 26
4 4 28
3 3 19
2 2 15
2 2 17
2 2 25
4 4 24
3 3 33
3 3 19
2 2 19
2 2 11
2 1 17
2 2 19
3 3 23
2 2 15
2 2 16
3 3 23
2 2 20
2 2 19
2 2 17
3 3 14
4 4 27
2 2 21
3 3 18
3 3 11
2 2 12
4 4 29
4 4 36
2 2 20
4 4 27
1 1 6
3 3 16
4 4 36
4 4 31
2 2 20
4 4 25
3 3 26
4 4 26
2 2 20
2 1 15
3 3 19
4 4 25
2 2 17
3 3 26
2 2 22
4 4 24
2 2 13
2 2 14
4 4 33
3 3 23
3 3 18
2 2 8
4 4 28
4 4 34
3 3 32
4 4 25
2 2 19
2 2 14
4 4 30
2 1 16
3 3 14
3 3 30
3 3 20
4 4 26
4 4 21
2 2 23
4 4 26
4 4 36
3 3 13
4 4 24
2 2 13
4 4 23
2 2 18
3 3 18
4 4 34
2 2 19
4 4 19
2 2 15
4 4 27
4 4 34
1 1 9
3 3 26
4 4 25
3 3 30
4 4 24
2 2 6
2 2 21
2 2 22
2 2 16
3 3 23
4 4 29
1 1 10
3 3 32
2 2 17
3 3 25
2 2 13
4 4 39
2 2 22
4 4 24
4 4 26
3 2 25
2 2 11
2 2 4
3 3 29
3 3 24
3 3 17
2 2 18
2 2 18
3 3 31
2 2 22
2 2 7
3 3 20
3 3 27
3 3 26
2 2 24
3 3 18
3 3 26
3 3 31
2 1 20
3 3 33
4 4 24
2 2 26
3 3 24
2 2 24
3 3 10
4 4 36
3 3 33
3 3 15
2 2 23
2 2 14
1 1 5
2 2 21
3 3 32
3 3 27
2 2 21
3 3 16
4 4 30
3 3 28
4 4 30
3 3 28
4 3 19
2 2 24
3 3 21
3 3 19
3 3 32
4 4 21
2 2 15
3 3 20
4 4 32
3 3 20
4 4 26
4 4 18
2 2 12
3 3 33
2 2 18
4 4 26
2 2 20
2 2 17
3 3 20
2 2 21
2 2 16
4 4 39
2 2 17
3 3 24
3 3 33
4 4 14
3 3 32
2 2 11
4 4 23
4 4 23
1 1 7
3 3 29
3 3 12
2 2 20
3 3 25
4 4 24
2 2 19
3 3 28
3 3 17
2 2 15
2 2 17
4 4 32
2 2 18
4 4 25
3 3 29
2 2 12
2 2 14
2 2 15
4 4 18
4 4 34
3 3 10
2 2 24
4 4 28
2 2 23
4 4 30
1 1 7
3 2 12
2 2 26
2 2 15
4 4 24
4 4 21
4 4 27
4 4 27
3 3 24
3 3 8
2 2 22
2 2 22
2 2 16
2 2 20
3 3 30
3 3 16
4 4 27
2 2 21
4 4 36
4 4 27
4 4 23
2 2 27
3 3 12
2 2 26
4 4 29
4 4 26
2 2 20
3 3 27
4 4 27
2 2 17
1 1 9
3 3 25
4 4 26
4 4 33
3 3 29
3 3 21
3 2 29
1 1 12
2 2 20
4 4 25
1 1 6
4 4 29
3 3 22
4 4 27
4 4 16
4 4 27
3 3 23
3 3 35
2 2 17
3 3 20
2 2 16
3 3 28
3 3 19
4 4 27
3 3 24
3 3 16
3 3 12
2 2 14
3 3 18
2 2 13
2 2 7
3 3 20
3 3 27
3 3 18
2 2 22
3 3 18
3 3 15
3 3 23
3 3 30
3 3 18
4 4 26
3 3 17
3 3 18
2 2 19
4 4 26
2 2 13
4 4 26
4 4 33
3 3 15
3 3 30
4 4 27
3 3 25
4 4 33
4 4 23
3 3 20
3 3 12
4 4 28
3 3 17
2 2 16
2 2 16
4 4 29
2 2 7
4 4 34
4 4 29
4 4 30
3 3 14
4 3 30
4 4 33
2 2 20
4 4 29
3 3 21
3 3 20
4 4 30
2 1 21
4 4 29
4 4 34
4 4 31
3 3 30
4 4 33
2 2 21
3 3 22
3 3 19
4 4 30
3 3 23
3 3 18
4 4 27
2 2 17
2 2 17
2 2 15
2 2 22
4 4 21
3 3 23
3 3 20
2 2 16
4 4 31
2 2 16
2 2 23
4 4 31
3 3 33
2 2 25
4 4 16
3 3 18
3 3 22
3 3 19
4 4 31
4 4 25
3 3 29
2 2 21
2 2 20
2 2 20
1 1 7
4 4 31
2 2 23
4 4 29
4 4 29
3 3 17
3 3 24
4 4 31
2 2 21
3 3 18
2 2 19
3 3 12
4 4 28
4 4 25
2 2 17
4 4 20
2 2 24
3 3 32
4 4 31
3 3 17
4 4 20
3 3 25
4 4 16
3 3 30
4 4 16
3 3 22
2 2 22
4 4 16
4 4 26
3 3 17
3 3 21
3 3 22
3 3 28
3 3 19
2 2 15
3 3 24
4 4 24
4 4 30
2 2 15
2 2 15
2 2 24
2 2 12
3 3 17
4 4 28
3 3 17
4 4 27
3 3 29
2 2 21
1 1 14
3 3 23
2 2 15
3 3 13
4 4 31
4 3 26
4 4 32
2 2 19
2 2 22
2 2 18
3 3 22
3 3 28
2 2 16
4 4 23
2 2 12
3 3 28
4 3 33
4 4 24
2 2 8
2 2 4
3 3 15
2 2 18
2 2 6
2 2 27
4 4 31
3 3 34
2 2 17
2 2 16
3 3 20
2 2 22
2 2 23
2 2 14
2 2 19
3 3 20
4 4 35
4 4 34
3 3 27
4 4 30
4 4 27
3 3 21
3 3 17
3 3 27
4 4 29
4 4 30
2 2 27
3 3 26
4 4 33
3 3 37
4 4 16
2 2 17
4 4 25
4 4 30
1 1 6
2 1 21
2 2 20
2 2 15
2 2 20
3 3 20
2 2 12
2 2 17
2 2 23
3 3 23
2 2 7
4 4 28
4 4 28
4 4 31
4 4 26
4 4 20
4 4 25
2 1 12
4 4 25
3 3 22
2 2 22
2 2 17
3 3 17
3 3 18
2 2 15
3 3 11
2 2 22
2 2 19
2 2 15
3 3 30
3 3 15
2 2 19
2 2 14
3 3 22
2 2 25
2 2 13
2 2 17
2 2 21
2 2 15
2 2 6
4 4 36
2 2 18
3 3 31
2 2 21
4 4 33
3 3 21
4 4 25
4 4 35
3 3 18
3 3 20
3 3 22
3 3 22
3 3 18
2 2 21
4 4 30
4 4 26
2 2 13
3 3 30
3 3 22
3 3 22
4 4 30
3 3 27
3 3 23
4 4 28
4 4 31
4 3 29
2 2 18
4 4 33
3 3 30
2 2 26
3 2 14
2 2 17
2 2 24
4 4 34
4 4 36
2 2 18
3 3 11
2 2 16
2 2 18
3 3 23
2 2 19
2 2 13
4 4 32
3 3 17
3 3 23
3 2 18
3 3 13
2 2 21
2 2 16
4 4 25
4 4 34
2 2 12
3 3 17
2 2 26
2 2 21
3 3 20
2 2 9
3 3 14
4 3 25
2 2 24
2 2 24
4 4 30
3 3 21
3 3 20
3 3 28
3 3 18
2 2 18
2 2 21
2 2 12
3 3 16
4 4 15
2 2 21
3 3 21
2 2 23
2 2 22
2 2 12
2 2 15
4 4 29
2 2 21
2 2 21
2 2 20
4 4 25
2 2 15
2 2 17
4 4 25
4 4 22
4 4 28
2 2 20
3 3 23
4 4 33
3 3 19
4 4 21
4 4 35
4 4 37
2 2 18
4 3 29
4 4 20
3 3 20
4 4 30
4 4 33
2 2 7
3 3 13
2 2 17
3 3 27
3 3 26
4 4 43
2 2 7
3 3 22
3 3 16
2 2 20
2 2 24
2 2 12
3 3 20
2 2 3
3 3 24
2 2 12
2 2 25
4 4 26
4 4 30
4 4 31
3 3 22
3 3 11
2 2 3
2 2 12
4 4 23
4 4 25
1 1 7
3 3 14
2 2 19
2 2 18
1 1 7
3 3 17
3 3 17
4 4 35