11 11 53
8 8 56
8 7 57
12 12 52
11 11 53
16 16 48
15 15 49
15 15 49
9 9 55
7 7 50
15 15 49
13 13 51
7 8 56
10 11 53
3 3 29
9 9 55
13 13 51
12 13 51
9 9 55
7 7 48
11 11 53
12 11 53
12 12 52
6 6 55
7 7 48
7 8 56
12 12 52
11 11 53
10 10 54
6 6 40
12 12 52
10 10 54
11 11 53
11 11 53
3 2 24
3 3 17
5 5 17
11 11 53
10 10 54
12 12 52
14 14 50
12 13 51
3 3 28
13 13 51
12 13 51
10 10 54
8 8 44
12 12 52
13 14 50
10 11 53
9 9 46
12 12 52
10 9 55
10 10 54
11 11 53
7 7 57
2 2 31
10 10 54
10 10 54
9 10 54
12 12 52
8 8 48
2 2 28
11 11 53
9 9 55
14 14 50
13 13 51
12 12 52
10 10 54
11 11 53
11 11 53
1 0 6
12 12 52
11 11 53
7 8 56
13 13 51
10 10 54
8 8 56
14 14 50
10 10 54
3 3 24
13 14 50
3 3 42
13 13 51
0 0 4
6 6 40
14 14 50
10 10 54
14 14 50
15 15 49
8 8 42
12 13 51
8 8 56
13 13 51
10 10 54
13 13 51
16 16 48
14 14 50
6 6 55
5 5 54