0 0 64
0 0 64
1 1 63
0 0 64
0 0 64
0 0 64
1 1 63
1 1 63
1 1 63
1 1 8
0 0 64
1 1 63
0 0 64
1 1 31
0 0 24
0 0 12
1 1 63
0 0 64
0 0 64
0 0 64
1 1 63
1 1 63
1 1 63
1 1 63
1 1 63
1 1 63
1 1 63
0 0 64
0 0 64
0 0 64
0 0 12
0 0 64
1 1 62
1 1 28
1 1 63
1 1 63
0 0 64
1 1 63
1 1 63
1 1 55
0 0 64
1 1 62
1 1 63
1 1 63
0 0 64
0 0 50
1 1 63
1 1 63
1 1 63
0 0 64
1 1 51
1 1 63
0 1 63
0 0 64
1 1 63
0 0 51
1 1 63
1 1 63
1 1 63
1 1 63
1 1 63
0 0 64
0 0 64
0 0 23
0 0 10
1 1 63
1 1 63
1 1 63
0 0 19
0 0 55
0 0 64
0 0 64
0 0 30
0 0 64
0 0 64
0 0 8
1 1 63
1 1 63
1 1 63
0 0 64
1 1 63
0 0 64
0 0 64
0 0 16
1 1 63
0 0 64
1 1 63
1 1 63
1 1 63
1 1 41
0 0 64
1 1 63
1 1 63
1 1 63
1 1 63
1 1 63
0 0 64
1 1 63
1 1 63
1 1 63