1 1 13
1 1 21
4 4 60
1 1 28
3 3 61
2 2 32
3 3 61
4 4 60
2 2 53
2 2 62
2 2 62
3 3 56
3 3 61
3 3 61
4 4 60
4 4 60
0 0 12
3 3 52
3 3 61
1 1 27
3 3 61
1 1 15
3 3 61
4 4 60
0 0 12
3 3 61
4 4 60
4 4 60
3 3 61
2 2 62
3 3 61
3 3 61
3 3 61
4 4 60
3 3 61
4 4 60
3 3 61
2 2 42
4 5 59
1 1 39
1 1 8
4 4 60
3 4 60
3 3 61
5 5 59
3 3 61
4 4 60
3 3 42
4 4 60
4 4 60
1 1 25
2 2 28
3 3 61
3 3 61
4 4 60
2 2 58
1 1 35
3 3 61
4 4 60
3 3 61
4 4 60
1 1 25
1 1 30
4 4 60
3 3 61
3 3 61
3 3 61
3 3 61
3 3 61
3 3 44
3 3 61
3 3 61
3 3 61
2 2 37
2 2 62
3 3 61
3 3 61
3 3 61
4 4 60
3 3 61
0 0 9
2 2 62
1 1 25
3 3 61
4 4 60
4 4 60
3 3 61
3 3 61
4 4 60
1 1 15
3 3 61
1 1 29
2 2 62
5 5 59
3 3 61
3 3 61
2 2 35
3 3 61
5 5 59
4 4 60