23 22 42
25 25 39
25 26 38
15 15 49
27 27 37
23 23 41
14 14 50
21 21 43
3 3 8
25 26 38
23 23 41
17 17 47
26 26 38
6 6 15
26 27 37
30 30 34
22 22 42
23 24 40
29 30 34
24 24 40
12 12 52
22 22 42
16 16 31
18 19 45
30 31 33
6 6 6
29 29 35
17 18 46
17 17 36
22 22 42
29 30 34
28 28 36
17 18 46
19 19 45
28 28 36
16 17 47
14 14 33
26 27 37
23 23 41
7 7 19
25 25 39
24 24 40
23 23 41
28 28 36
31 32 32
23 24 40
24 24 40
25 26 38
24 24 40
15 14 16
15 15 49
24 24 40
24 24 40
19 19 45
26 26 38
18 18 35
32 32 32
21 21 43
23 23 41
20 20 44
22 23 41
29 28 36
22 22 42
26 27 37
29 30 34
21 21 43
23 24 40
10 10 28
19 19 45
22 22 42
23 23 41
17 17 47
17 17 47
28 28 36
14 14 41
11 11 26
25 24 40
22 22 38
25 26 38
4 4 17
26 26 38
25 25 39
18 18 30
28 28 36
27 27 37
24 24 40
22 23 41
22 21 43
25 25 39
24 24 40
19 20 44
24 24 40
24 25 39
25 25 39
24 25 39
24 24 40
19 20 44
18 17 47
23 23 41
19 19 45