Run with:
MAX_MSG=200
MIN_PROCESSES=2
STEP_PROCESSES=2
MAX_PROCESSES=24
N_RUNS=30

VC clock stats:
                     count      mean       std       min       25%       50%       75%       max
Number of processes                                                                             
2                     30.0  0.029254  0.004596  0.024936  0.026986  0.028366  0.029679  0.050608
4                     30.0  0.033041  0.001579  0.029926  0.032001  0.032812  0.033857  0.037924
6                     30.0  0.038258  0.002582  0.034488  0.036324  0.037853  0.039375  0.045399
8                     30.0  0.044841  0.002838  0.040727  0.042793  0.044472  0.046353  0.052013
10                    30.0  0.048716  0.003080  0.043618  0.046700  0.048306  0.050918  0.055237
12                    30.0  0.052791  0.002908  0.047227  0.051274  0.052485  0.053381  0.062014
14                    30.0  0.059698  0.004941  0.054294  0.055935  0.058395  0.062224  0.073698
16                    30.0  0.069787  0.013450  0.055458  0.062190  0.066494  0.072184  0.116388
18                    30.0  0.069832  0.007625  0.059168  0.065654  0.068031  0.075732  0.086092
20                    30.0  0.072136  0.007666  0.064194  0.067042  0.070211  0.074099  0.094675
22                    30.0  0.077825  0.006285  0.071415  0.073382  0.076018  0.079993  0.097141
24                    30.0  0.080614  0.005849  0.070587  0.076774  0.079840  0.083303  0.094926

EVC clock stats:
                     count      mean       std       min       25%       50%       75%       max
Number of processes
2                     30.0  0.033666  0.002038  0.030208  0.032061  0.034257  0.034770  0.037391
4                     30.0  0.058958  0.007353  0.050763  0.053603  0.057352  0.061806  0.083201
6                     30.0  0.091288  0.005916  0.081116  0.087357  0.090422  0.094726  0.104721
8                     30.0  0.161466  0.008118  0.145475  0.155980  0.160028  0.168232  0.178251
10                    30.0  0.238297  0.020532  0.209461  0.222838  0.238068  0.245270  0.311846
12                    30.0  0.335710  0.028594  0.302583  0.317649  0.325695  0.344332  0.416433
14                    30.0  0.479567  0.047166  0.407546  0.442461  0.465230  0.517155  0.597465
16                    30.0  0.686561  0.104357  0.572469  0.629965  0.658651  0.701649  0.978599
18                    30.0  0.876423  0.102174  0.774898  0.805155  0.849423  0.914341  1.219642
20                    30.0  1.145846  0.111307  1.010085  1.068990  1.135430  1.187377  1.550853
22                    30.0  1.463117  0.136948  1.193496  1.395589  1.475038  1.522360  1.762460
24                    30.0  1.877740  0.159748  1.519180  1.754547  1.858950  1.954848  2.217146

REVC clock stats:
                     count      mean       std       min       25%       50%       75%       max
Number of processes
2                     30.0  0.054138  0.005262  0.046195  0.050926  0.053278  0.055810  0.071626
4                     30.0  0.095165  0.008472  0.084086  0.089635  0.093054  0.098126  0.121952
6                     30.0  0.160676  0.012044  0.139714  0.154136  0.159477  0.163332  0.202693
8                     30.0  0.213881  0.020218  0.179093  0.199813  0.216773  0.224633  0.274079
10                    30.0  0.283338  0.029456  0.222559  0.261706  0.289872  0.302959  0.324833
12                    30.0  0.371192  0.040658  0.307372  0.347923  0.362660  0.384675  0.470728
14                    30.0  0.429958  0.049190  0.351657  0.400568  0.424739  0.457180  0.584584
16                    30.0  0.536753  0.092138  0.431952  0.483409  0.507767  0.555354  0.825257
18                    30.0  0.626417  0.094385  0.512244  0.559955  0.594399  0.699225  0.803873
20                    30.0  0.735721  0.103643  0.562711  0.670118  0.706659  0.831459  0.906523
22                    30.0  0.828332  0.107118  0.661970  0.741989  0.816649  0.915253  1.061522
24                    30.0  0.928699  0.117767  0.736167  0.816082  0.921514  1.030791  1.146471

DMTREVC clock stats:
                     count      mean       std       min       25%       50%       75%       max
Number of processes
2                     30.0  0.050808  0.003968  0.042952  0.048282  0.049915  0.053713  0.060314
4                     30.0  0.074090  0.003921  0.066202  0.072053  0.073330  0.076812  0.082746
6                     30.0  0.105753  0.010049  0.092758  0.098579  0.102647  0.111854  0.136065
8                     30.0  0.135852  0.008933  0.123311  0.130667  0.133595  0.139850  0.158666
10                    30.0  0.184602  0.016888  0.157732  0.174461  0.184678  0.193367  0.226922
12                    30.0  0.249443  0.038257  0.211592  0.224096  0.236839  0.261256  0.365629
14                    30.0  0.315360  0.031604  0.266341  0.297724  0.309956  0.320181  0.425285
16                    30.0  0.406769  0.037041  0.338563  0.381194  0.415328  0.426578  0.493125
18                    30.0  0.512406  0.059481  0.435556  0.464223  0.505189  0.547885  0.665735
20                    30.0  0.646809  0.053143  0.543932  0.608666  0.643966  0.676747  0.759018
22                    30.0  0.717698  0.048052  0.612540  0.698472  0.712652  0.757678  0.806170
24                    30.0  0.842997  0.070107  0.683811  0.789719  0.830844  0.887945  0.986234

VC clock stats:
        count   mean  std    min    25%    50%    75%    max
Events
1        30.0  768.0  0.0  768.0  768.0  768.0  768.0  768.0
2        30.0  768.0  0.0  768.0  768.0  768.0  768.0  768.0
3        30.0  768.0  0.0  768.0  768.0  768.0  768.0  768.0
4        30.0  768.0  0.0  768.0  768.0  768.0  768.0  768.0
5        30.0  768.0  0.0  768.0  768.0  768.0  768.0  768.0
6        30.0  768.0  0.0  768.0  768.0  768.0  768.0  768.0
7        30.0  768.0  0.0  768.0  768.0  768.0  768.0  768.0
8        30.0  768.0  0.0  768.0  768.0  768.0  768.0  768.0
9        30.0  768.0  0.0  768.0  768.0  768.0  768.0  768.0
10       30.0  768.0  0.0  768.0  768.0  768.0  768.0  768.0
11       30.0  768.0  0.0  768.0  768.0  768.0  768.0  768.0
12       30.0  768.0  0.0  768.0  768.0  768.0  768.0  768.0
13       30.0  768.0  0.0  768.0  768.0  768.0  768.0  768.0
14       30.0  768.0  0.0  768.0  768.0  768.0  768.0  768.0
15       30.0  768.0  0.0  768.0  768.0  768.0  768.0  768.0
16       30.0  768.0  0.0  768.0  768.0  768.0  768.0  768.0
17       30.0  768.0  0.0  768.0  768.0  768.0  768.0  768.0
18       30.0  768.0  0.0  768.0  768.0  768.0  768.0  768.0
19       30.0  768.0  0.0  768.0  768.0  768.0  768.0  768.0
20       30.0  768.0  0.0  768.0  768.0  768.0  768.0  768.0
21       30.0  768.0  0.0  768.0  768.0  768.0  768.0  768.0
22       30.0  768.0  0.0  768.0  768.0  768.0  768.0  768.0
23       30.0  768.0  0.0  768.0  768.0  768.0  768.0  768.0
24       30.0  768.0  0.0  768.0  768.0  768.0  768.0  768.0
25       30.0  768.0  0.0  768.0  768.0  768.0  768.0  768.0
26       30.0  768.0  0.0  768.0  768.0  768.0  768.0  768.0
27       30.0  768.0  0.0  768.0  768.0  768.0  768.0  768.0
28       30.0  768.0  0.0  768.0  768.0  768.0  768.0  768.0
29       30.0  768.0  0.0  768.0  768.0  768.0  768.0  768.0
30       30.0  768.0  0.0  768.0  768.0  768.0  768.0  768.0
31       30.0  768.0  0.0  768.0  768.0  768.0  768.0  768.0
32       30.0  768.0  0.0  768.0  768.0  768.0  768.0  768.0
33       30.0  768.0  0.0  768.0  768.0  768.0  768.0  768.0
34       30.0  768.0  0.0  768.0  768.0  768.0  768.0  768.0
35       30.0  768.0  0.0  768.0  768.0  768.0  768.0  768.0
36       30.0  768.0  0.0  768.0  768.0  768.0  768.0  768.0
37       30.0  768.0  0.0  768.0  768.0  768.0  768.0  768.0
38       30.0  768.0  0.0  768.0  768.0  768.0  768.0  768.0
39       30.0  768.0  0.0  768.0  768.0  768.0  768.0  768.0
40       30.0  768.0  0.0  768.0  768.0  768.0  768.0  768.0
41       30.0  768.0  0.0  768.0  768.0  768.0  768.0  768.0
42       30.0  768.0  0.0  768.0  768.0  768.0  768.0  768.0
43       30.0  768.0  0.0  768.0  768.0  768.0  768.0  768.0
44       30.0  768.0  0.0  768.0  768.0  768.0  768.0  768.0
45       30.0  768.0  0.0  768.0  768.0  768.0  768.0  768.0
46       30.0  768.0  0.0  768.0  768.0  768.0  768.0  768.0
47       30.0  768.0  0.0  768.0  768.0  768.0  768.0  768.0
48       30.0  768.0  0.0  768.0  768.0  768.0  768.0  768.0
49       30.0  768.0  0.0  768.0  768.0  768.0  768.0  768.0
50       30.0  768.0  0.0  768.0  768.0  768.0  768.0  768.0
51       30.0  768.0  0.0  768.0  768.0  768.0  768.0  768.0
52       30.0  768.0  0.0  768.0  768.0  768.0  768.0  768.0
53       30.0  768.0  0.0  768.0  768.0  768.0  768.0  768.0
54       30.0  768.0  0.0  768.0  768.0  768.0  768.0  768.0
55       30.0  768.0  0.0  768.0  768.0  768.0  768.0  768.0
56       30.0  768.0  0.0  768.0  768.0  768.0  768.0  768.0
57       30.0  768.0  0.0  768.0  768.0  768.0  768.0  768.0
58       30.0  768.0  0.0  768.0  768.0  768.0  768.0  768.0
59       30.0  768.0  0.0  768.0  768.0  768.0  768.0  768.0
60       30.0  768.0  0.0  768.0  768.0  768.0  768.0  768.0
61       30.0  768.0  0.0  768.0  768.0  768.0  768.0  768.0
62       30.0  768.0  0.0  768.0  768.0  768.0  768.0  768.0
63       30.0  768.0  0.0  768.0  768.0  768.0  768.0  768.0
64       30.0  768.0  0.0  768.0  768.0  768.0  768.0  768.0
65       30.0  768.0  0.0  768.0  768.0  768.0  768.0  768.0
66       30.0  768.0  0.0  768.0  768.0  768.0  768.0  768.0
67       30.0  768.0  0.0  768.0  768.0  768.0  768.0  768.0
68       30.0  768.0  0.0  768.0  768.0  768.0  768.0  768.0
69       30.0  768.0  0.0  768.0  768.0  768.0  768.0  768.0
70       30.0  768.0  0.0  768.0  768.0  768.0  768.0  768.0
71       30.0  768.0  0.0  768.0  768.0  768.0  768.0  768.0
72       30.0  768.0  0.0  768.0  768.0  768.0  768.0  768.0
73       30.0  768.0  0.0  768.0  768.0  768.0  768.0  768.0
74       30.0  768.0  0.0  768.0  768.0  768.0  768.0  768.0
75       30.0  768.0  0.0  768.0  768.0  768.0  768.0  768.0
76       30.0  768.0  0.0  768.0  768.0  768.0  768.0  768.0
77       30.0  768.0  0.0  768.0  768.0  768.0  768.0  768.0
78       30.0  768.0  0.0  768.0  768.0  768.0  768.0  768.0
79       30.0  768.0  0.0  768.0  768.0  768.0  768.0  768.0
80       30.0  768.0  0.0  768.0  768.0  768.0  768.0  768.0
81       30.0  768.0  0.0  768.0  768.0  768.0  768.0  768.0
82       30.0  768.0  0.0  768.0  768.0  768.0  768.0  768.0
83       30.0  768.0  0.0  768.0  768.0  768.0  768.0  768.0
84       30.0  768.0  0.0  768.0  768.0  768.0  768.0  768.0
85       30.0  768.0  0.0  768.0  768.0  768.0  768.0  768.0
86       30.0  768.0  0.0  768.0  768.0  768.0  768.0  768.0
87       30.0  768.0  0.0  768.0  768.0  768.0  768.0  768.0
88       30.0  768.0  0.0  768.0  768.0  768.0  768.0  768.0
89       30.0  768.0  0.0  768.0  768.0  768.0  768.0  768.0
90       30.0  768.0  0.0  768.0  768.0  768.0  768.0  768.0
91       30.0  768.0  0.0  768.0  768.0  768.0  768.0  768.0
92       30.0  768.0  0.0  768.0  768.0  768.0  768.0  768.0
93       30.0  768.0  0.0  768.0  768.0  768.0  768.0  768.0
94       30.0  768.0  0.0  768.0  768.0  768.0  768.0  768.0
95       30.0  768.0  0.0  768.0  768.0  768.0  768.0  768.0
96       30.0  768.0  0.0  768.0  768.0  768.0  768.0  768.0
97       30.0  768.0  0.0  768.0  768.0  768.0  768.0  768.0
98       30.0  768.0  0.0  768.0  768.0  768.0  768.0  768.0
99       30.0  768.0  0.0  768.0  768.0  768.0  768.0  768.0
100      30.0  768.0  0.0  768.0  768.0  768.0  768.0  768.0
101      30.0  768.0  0.0  768.0  768.0  768.0  768.0  768.0
102      30.0  768.0  0.0  768.0  768.0  768.0  768.0  768.0
103      30.0  768.0  0.0  768.0  768.0  768.0  768.0  768.0
104      30.0  768.0  0.0  768.0  768.0  768.0  768.0  768.0
105      30.0  768.0  0.0  768.0  768.0  768.0  768.0  768.0
106      30.0  768.0  0.0  768.0  768.0  768.0  768.0  768.0
107      30.0  768.0  0.0  768.0  768.0  768.0  768.0  768.0
108      30.0  768.0  0.0  768.0  768.0  768.0  768.0  768.0
109      30.0  768.0  0.0  768.0  768.0  768.0  768.0  768.0
110      30.0  768.0  0.0  768.0  768.0  768.0  768.0  768.0
111      30.0  768.0  0.0  768.0  768.0  768.0  768.0  768.0
112      30.0  768.0  0.0  768.0  768.0  768.0  768.0  768.0
113      30.0  768.0  0.0  768.0  768.0  768.0  768.0  768.0
114      30.0  768.0  0.0  768.0  768.0  768.0  768.0  768.0
115      30.0  768.0  0.0  768.0  768.0  768.0  768.0  768.0
116      30.0  768.0  0.0  768.0  768.0  768.0  768.0  768.0
117      30.0  768.0  0.0  768.0  768.0  768.0  768.0  768.0
118      30.0  768.0  0.0  768.0  768.0  768.0  768.0  768.0
119      30.0  768.0  0.0  768.0  768.0  768.0  768.0  768.0
120      30.0  768.0  0.0  768.0  768.0  768.0  768.0  768.0
121      30.0  768.0  0.0  768.0  768.0  768.0  768.0  768.0
122      30.0  768.0  0.0  768.0  768.0  768.0  768.0  768.0
123      30.0  768.0  0.0  768.0  768.0  768.0  768.0  768.0
124      30.0  768.0  0.0  768.0  768.0  768.0  768.0  768.0
125      30.0  768.0  0.0  768.0  768.0  768.0  768.0  768.0
126      30.0  768.0  0.0  768.0  768.0  768.0  768.0  768.0
127      30.0  768.0  0.0  768.0  768.0  768.0  768.0  768.0
128      30.0  768.0  0.0  768.0  768.0  768.0  768.0  768.0
129      30.0  768.0  0.0  768.0  768.0  768.0  768.0  768.0
130      30.0  768.0  0.0  768.0  768.0  768.0  768.0  768.0
131      30.0  768.0  0.0  768.0  768.0  768.0  768.0  768.0
132      30.0  768.0  0.0  768.0  768.0  768.0  768.0  768.0
133      30.0  768.0  0.0  768.0  768.0  768.0  768.0  768.0
134      30.0  768.0  0.0  768.0  768.0  768.0  768.0  768.0
135      30.0  768.0  0.0  768.0  768.0  768.0  768.0  768.0
136      30.0  768.0  0.0  768.0  768.0  768.0  768.0  768.0
137      30.0  768.0  0.0  768.0  768.0  768.0  768.0  768.0
138      30.0  768.0  0.0  768.0  768.0  768.0  768.0  768.0
139      30.0  768.0  0.0  768.0  768.0  768.0  768.0  768.0
140      30.0  768.0  0.0  768.0  768.0  768.0  768.0  768.0
141      30.0  768.0  0.0  768.0  768.0  768.0  768.0  768.0
142      30.0  768.0  0.0  768.0  768.0  768.0  768.0  768.0
143      30.0  768.0  0.0  768.0  768.0  768.0  768.0  768.0
144      30.0  768.0  0.0  768.0  768.0  768.0  768.0  768.0
145      30.0  768.0  0.0  768.0  768.0  768.0  768.0  768.0
146      30.0  768.0  0.0  768.0  768.0  768.0  768.0  768.0
147      30.0  768.0  0.0  768.0  768.0  768.0  768.0  768.0
148      30.0  768.0  0.0  768.0  768.0  768.0  768.0  768.0
149      30.0  768.0  0.0  768.0  768.0  768.0  768.0  768.0
150      30.0  768.0  0.0  768.0  768.0  768.0  768.0  768.0
151      30.0  768.0  0.0  768.0  768.0  768.0  768.0  768.0
152      30.0  768.0  0.0  768.0  768.0  768.0  768.0  768.0
153      30.0  768.0  0.0  768.0  768.0  768.0  768.0  768.0
154      30.0  768.0  0.0  768.0  768.0  768.0  768.0  768.0
155      30.0  768.0  0.0  768.0  768.0  768.0  768.0  768.0
156      30.0  768.0  0.0  768.0  768.0  768.0  768.0  768.0
157      30.0  768.0  0.0  768.0  768.0  768.0  768.0  768.0
158      30.0  768.0  0.0  768.0  768.0  768.0  768.0  768.0
159      30.0  768.0  0.0  768.0  768.0  768.0  768.0  768.0
160      30.0  768.0  0.0  768.0  768.0  768.0  768.0  768.0
161      30.0  768.0  0.0  768.0  768.0  768.0  768.0  768.0
162      30.0  768.0  0.0  768.0  768.0  768.0  768.0  768.0
163      30.0  768.0  0.0  768.0  768.0  768.0  768.0  768.0
164      30.0  768.0  0.0  768.0  768.0  768.0  768.0  768.0
165      30.0  768.0  0.0  768.0  768.0  768.0  768.0  768.0
166      30.0  768.0  0.0  768.0  768.0  768.0  768.0  768.0
167      30.0  768.0  0.0  768.0  768.0  768.0  768.0  768.0
168      30.0  768.0  0.0  768.0  768.0  768.0  768.0  768.0
169      30.0  768.0  0.0  768.0  768.0  768.0  768.0  768.0
170      30.0  768.0  0.0  768.0  768.0  768.0  768.0  768.0
171      30.0  768.0  0.0  768.0  768.0  768.0  768.0  768.0
172      30.0  768.0  0.0  768.0  768.0  768.0  768.0  768.0
173      30.0  768.0  0.0  768.0  768.0  768.0  768.0  768.0
174      30.0  768.0  0.0  768.0  768.0  768.0  768.0  768.0
175      30.0  768.0  0.0  768.0  768.0  768.0  768.0  768.0
176      30.0  768.0  0.0  768.0  768.0  768.0  768.0  768.0
177      30.0  768.0  0.0  768.0  768.0  768.0  768.0  768.0
178      30.0  768.0  0.0  768.0  768.0  768.0  768.0  768.0
179      30.0  768.0  0.0  768.0  768.0  768.0  768.0  768.0
180      30.0  768.0  0.0  768.0  768.0  768.0  768.0  768.0
181      30.0  768.0  0.0  768.0  768.0  768.0  768.0  768.0
182      30.0  768.0  0.0  768.0  768.0  768.0  768.0  768.0
183      30.0  768.0  0.0  768.0  768.0  768.0  768.0  768.0
184      30.0  768.0  0.0  768.0  768.0  768.0  768.0  768.0
185      30.0  768.0  0.0  768.0  768.0  768.0  768.0  768.0
186      30.0  768.0  0.0  768.0  768.0  768.0  768.0  768.0
187      30.0  768.0  0.0  768.0  768.0  768.0  768.0  768.0
188      30.0  768.0  0.0  768.0  768.0  768.0  768.0  768.0
189      30.0  768.0  0.0  768.0  768.0  768.0  768.0  768.0
190      30.0  768.0  0.0  768.0  768.0  768.0  768.0  768.0
191      30.0  768.0  0.0  768.0  768.0  768.0  768.0  768.0
192      30.0  768.0  0.0  768.0  768.0  768.0  768.0  768.0
193      30.0  768.0  0.0  768.0  768.0  768.0  768.0  768.0
194      30.0  768.0  0.0  768.0  768.0  768.0  768.0  768.0
195      30.0  768.0  0.0  768.0  768.0  768.0  768.0  768.0
196      30.0  768.0  0.0  768.0  768.0  768.0  768.0  768.0
197      30.0  768.0  0.0  768.0  768.0  768.0  768.0  768.0
198      30.0  768.0  0.0  768.0  768.0  768.0  768.0  768.0
199      30.0  768.0  0.0  768.0  768.0  768.0  768.0  768.0
200      30.0  768.0  0.0  768.0  768.0  768.0  768.0  768.0
201      30.0  768.0  0.0  768.0  768.0  768.0  768.0  768.0
202      30.0  768.0  0.0  768.0  768.0  768.0  768.0  768.0
203      30.0  768.0  0.0  768.0  768.0  768.0  768.0  768.0
204      30.0  768.0  0.0  768.0  768.0  768.0  768.0  768.0
205      30.0  768.0  0.0  768.0  768.0  768.0  768.0  768.0
206      30.0  768.0  0.0  768.0  768.0  768.0  768.0  768.0
207      30.0  768.0  0.0  768.0  768.0  768.0  768.0  768.0
208      30.0  768.0  0.0  768.0  768.0  768.0  768.0  768.0
209      29.0  768.0  0.0  768.0  768.0  768.0  768.0  768.0
210      29.0  768.0  0.0  768.0  768.0  768.0  768.0  768.0
211      29.0  768.0  0.0  768.0  768.0  768.0  768.0  768.0
212      29.0  768.0  0.0  768.0  768.0  768.0  768.0  768.0
213      28.0  768.0  0.0  768.0  768.0  768.0  768.0  768.0
214      28.0  768.0  0.0  768.0  768.0  768.0  768.0  768.0
215      28.0  768.0  0.0  768.0  768.0  768.0  768.0  768.0
216      28.0  768.0  0.0  768.0  768.0  768.0  768.0  768.0
217      28.0  768.0  0.0  768.0  768.0  768.0  768.0  768.0
218      28.0  768.0  0.0  768.0  768.0  768.0  768.0  768.0
219      28.0  768.0  0.0  768.0  768.0  768.0  768.0  768.0
220      28.0  768.0  0.0  768.0  768.0  768.0  768.0  768.0
221      28.0  768.0  0.0  768.0  768.0  768.0  768.0  768.0
222      28.0  768.0  0.0  768.0  768.0  768.0  768.0  768.0
223      28.0  768.0  0.0  768.0  768.0  768.0  768.0  768.0
224      28.0  768.0  0.0  768.0  768.0  768.0  768.0  768.0
225      28.0  768.0  0.0  768.0  768.0  768.0  768.0  768.0
226      28.0  768.0  0.0  768.0  768.0  768.0  768.0  768.0
227      28.0  768.0  0.0  768.0  768.0  768.0  768.0  768.0
228      27.0  768.0  0.0  768.0  768.0  768.0  768.0  768.0
229      27.0  768.0  0.0  768.0  768.0  768.0  768.0  768.0
230      26.0  768.0  0.0  768.0  768.0  768.0  768.0  768.0
231      26.0  768.0  0.0  768.0  768.0  768.0  768.0  768.0
232      24.0  768.0  0.0  768.0  768.0  768.0  768.0  768.0
233      24.0  768.0  0.0  768.0  768.0  768.0  768.0  768.0
234      24.0  768.0  0.0  768.0  768.0  768.0  768.0  768.0
235      23.0  768.0  0.0  768.0  768.0  768.0  768.0  768.0
236      22.0  768.0  0.0  768.0  768.0  768.0  768.0  768.0
237      22.0  768.0  0.0  768.0  768.0  768.0  768.0  768.0
238      22.0  768.0  0.0  768.0  768.0  768.0  768.0  768.0
239      20.0  768.0  0.0  768.0  768.0  768.0  768.0  768.0
240      18.0  768.0  0.0  768.0  768.0  768.0  768.0  768.0
241      17.0  768.0  0.0  768.0  768.0  768.0  768.0  768.0
242      17.0  768.0  0.0  768.0  768.0  768.0  768.0  768.0
243      16.0  768.0  0.0  768.0  768.0  768.0  768.0  768.0
244      14.0  768.0  0.0  768.0  768.0  768.0  768.0  768.0
245      13.0  768.0  0.0  768.0  768.0  768.0  768.0  768.0
246      13.0  768.0  0.0  768.0  768.0  768.0  768.0  768.0
247      12.0  768.0  0.0  768.0  768.0  768.0  768.0  768.0
248      11.0  768.0  0.0  768.0  768.0  768.0  768.0  768.0
249      11.0  768.0  0.0  768.0  768.0  768.0  768.0  768.0
250      10.0  768.0  0.0  768.0  768.0  768.0  768.0  768.0
251      10.0  768.0  0.0  768.0  768.0  768.0  768.0  768.0
252      10.0  768.0  0.0  768.0  768.0  768.0  768.0  768.0
253      10.0  768.0  0.0  768.0  768.0  768.0  768.0  768.0
254      10.0  768.0  0.0  768.0  768.0  768.0  768.0  768.0
255      10.0  768.0  0.0  768.0  768.0  768.0  768.0  768.0
256       8.0  768.0  0.0  768.0  768.0  768.0  768.0  768.0
257       8.0  768.0  0.0  768.0  768.0  768.0  768.0  768.0
258       8.0  768.0  0.0  768.0  768.0  768.0  768.0  768.0
259       8.0  768.0  0.0  768.0  768.0  768.0  768.0  768.0
260       7.0  768.0  0.0  768.0  768.0  768.0  768.0  768.0
261       7.0  768.0  0.0  768.0  768.0  768.0  768.0  768.0
262       6.0  768.0  0.0  768.0  768.0  768.0  768.0  768.0
263       5.0  768.0  0.0  768.0  768.0  768.0  768.0  768.0
264       5.0  768.0  0.0  768.0  768.0  768.0  768.0  768.0
265       4.0  768.0  0.0  768.0  768.0  768.0  768.0  768.0
266       4.0  768.0  0.0  768.0  768.0  768.0  768.0  768.0
267       4.0  768.0  0.0  768.0  768.0  768.0  768.0  768.0
268       4.0  768.0  0.0  768.0  768.0  768.0  768.0  768.0
269       3.0  768.0  0.0  768.0  768.0  768.0  768.0  768.0
270       2.0  768.0  0.0  768.0  768.0  768.0  768.0  768.0
271       2.0  768.0  0.0  768.0  768.0  768.0  768.0  768.0
272       2.0  768.0  0.0  768.0  768.0  768.0  768.0  768.0
273       2.0  768.0  0.0  768.0  768.0  768.0  768.0  768.0
274       1.0  768.0  NaN  768.0  768.0  768.0  768.0  768.0
275       1.0  768.0  NaN  768.0  768.0  768.0  768.0  768.0
276       1.0  768.0  NaN  768.0  768.0  768.0  768.0  768.0
277       1.0  768.0  NaN  768.0  768.0  768.0  768.0  768.0
278       1.0  768.0  NaN  768.0  768.0  768.0  768.0  768.0
279       1.0  768.0  NaN  768.0  768.0  768.0  768.0  768.0
280       1.0  768.0  NaN  768.0  768.0  768.0  768.0  768.0
281       1.0  768.0  NaN  768.0  768.0  768.0  768.0  768.0
282       1.0  768.0  NaN  768.0  768.0  768.0  768.0  768.0
283       1.0  768.0  NaN  768.0  768.0  768.0  768.0  768.0

EVC clock stats:
        count          mean          std      min       25%      50%       75%      max
Events
1        30.0      7.266667     1.412587      5.0      6.00      8.0      8.00      9.0
2        30.0     12.633333     1.449931     11.0     11.00     12.0     14.00     15.0
3        30.0     17.500000     1.525643     15.0     17.00     18.0     18.00     20.0
4        30.0     22.433333     1.135124     21.0     21.25     22.0     23.00     24.0
5        30.0     27.966667     0.182574     27.0     28.00     28.0     28.00     28.0
6        30.0    226.666667   249.251892     31.0     46.25    103.0    275.25    870.0
7        30.0    429.466667   307.675123     34.0    160.75    371.0    640.00   1077.0
8        30.0    675.600000   339.577587     72.0    443.75    730.0    920.75   1208.0
9        30.0    976.266667   428.551927    117.0    730.75   1019.0   1269.00   1981.0
10       30.0   1138.633333   443.218828    352.0    795.00   1071.0   1510.50   1984.0
11       30.0   1364.000000   542.936270    355.0    946.50   1276.5   1689.25   2791.0
12       30.0   1561.900000   523.393460    862.0   1121.00   1491.0   1855.50   3075.0
13       30.0   1733.066667   527.608066    906.0   1332.50   1679.5   2042.75   3250.0
14       30.0   1899.866667   519.972992   1215.0   1511.75   1940.5   2182.50   3345.0
15       30.0   2099.200000   560.707091   1321.0   1628.25   2034.5   2562.25   3457.0
16       30.0   2385.033333   694.220599   1440.0   1845.75   2442.0   2768.00   4297.0
17       30.0   2594.300000   682.500633   1594.0   2148.50   2484.5   2968.25   4498.0
18       30.0   2776.300000   731.216848   1686.0   2228.25   2738.5   3119.00   4647.0
19       30.0   3050.266667   827.321892   1835.0   2444.75   2962.5   3640.00   5055.0
20       30.0   3300.000000   891.912011   2014.0   2756.50   3195.0   3674.00   5426.0
21       30.0   3505.800000   858.163452   2134.0   3062.00   3419.5   3792.25   5575.0
22       30.0   3686.400000   857.012558   2260.0   3253.50   3580.5   3909.50   5926.0
23       30.0   3948.866667  1045.396171   2312.0   3412.75   3810.0   4337.00   7414.0
24       30.0   4169.366667  1043.826234   2605.0   3554.50   3969.5   4482.75   7511.0
25       30.0   4419.766667  1075.168942   2617.0   3820.75   4304.5   4746.75   7962.0
26       30.0   4646.933333  1188.629345   2652.0   3938.50   4656.5   5014.00   8436.0
27       30.0   4905.700000  1238.411027   2743.0   4295.50   4798.0   5270.75   8738.0
28       30.0   5172.766667  1283.420072   3171.0   4425.00   4957.5   5842.50   9067.0
29       30.0   5406.866667  1298.330433   3276.0   4578.75   5094.5   6046.75   9341.0
30       30.0   5698.533333  1312.604958   3739.0   4903.25   5404.0   6386.25   9407.0
31       30.0   5920.533333  1393.160801   3742.0   4938.00   5514.0   6733.75   9433.0
32       30.0   6180.566667  1393.473944   4057.0   5036.75   5886.5   7269.25   9581.0
33       30.0   6377.966667  1432.817949   4061.0   5379.00   6003.5   7411.75   9870.0
34       30.0   6563.533333  1466.010343   4284.0   5539.75   6285.0   7470.25  10073.0
35       30.0   6802.633333  1567.276277   4534.0   5662.50   6618.0   7499.25  10850.0
36       30.0   7008.033333  1583.161535   4578.0   5810.00   6936.5   7784.50  11037.0
37       30.0   7196.633333  1620.930841   4581.0   6020.50   7296.0   8024.25  11084.0
38       30.0   7366.100000  1592.693475   4612.0   6107.75   7399.5   8202.00  11175.0
39       30.0   7575.133333  1638.362634   4626.0   6355.75   7629.0   8656.25  11262.0
40       30.0   7762.966667  1683.337028   4692.0   6603.00   7900.0   8874.50  11267.0
41       30.0   7950.066667  1700.699469   4819.0   6704.75   8001.5   8947.00  11531.0
42       30.0   8198.966667  1682.958243   5401.0   7105.25   8392.0   9088.00  11573.0
43       30.0   8411.133333  1696.805919   5478.0   7313.75   8440.0   9431.25  12144.0
44       30.0   8624.766667  1721.871930   5611.0   7392.75   8698.5   9570.75  12895.0
45       30.0   8834.366667  1646.611766   5718.0   7753.75   8827.0   9666.00  12898.0
46       30.0   9093.733333  1685.554896   6304.0   7925.50   9005.0   9997.75  13603.0
47       30.0   9357.700000  1655.744445   6409.0   8132.25   9359.0  10293.00  13692.0
48       30.0   9568.633333  1665.245296   6475.0   8517.50   9511.0  10615.00  13872.0
49       30.0   9761.300000  1628.920632   6641.0   8692.75   9754.5  10736.75  13960.0
50       30.0   9950.400000  1621.531600   6644.0   8959.50  10006.0  10893.75  14057.0
51       30.0  10240.533333  1615.043433   6724.0   9253.00  10336.0  11127.75  14505.0
52       30.0  10404.266667  1591.903349   6951.0   9592.00  10446.5  11403.75  14570.0
53       30.0  10582.666667  1571.905001   7280.0   9819.25  10569.5  11549.50  14597.0
54       30.0  10801.000000  1530.147412   7525.0  10089.25  10742.0  11850.25  14725.0
55       30.0  11025.200000  1523.976409   7882.0  10223.50  10880.0  12052.75  14968.0
56       30.0  11228.300000  1539.946173   7942.0  10431.00  11090.5  12325.75  15099.0
57       30.0  11480.833333  1686.837729   7983.0  10555.75  11273.0  12651.75  15215.0
58       30.0  11691.500000  1690.500084   7987.0  10764.00  11438.0  12677.50  15306.0
59       30.0  11985.666667  1720.392885   8065.0  11076.75  11701.0  13044.25  15540.0
60       30.0  12198.700000  1727.643624   8136.0  11314.50  11944.0  13240.75  15818.0
61       30.0  12423.866667  1757.744984   8469.0  11531.00  12191.5  13543.50  15977.0
62       30.0  12626.866667  1782.196489   8495.0  11604.75  12487.5  13682.50  16365.0
63       30.0  12805.233333  1790.681929   8530.0  11890.75  12594.0  13779.50  16494.0
64       30.0  13051.666667  1831.609060   8542.0  12078.50  12706.5  14110.25  16651.0
65       30.0  13268.466667  1891.181108   8554.0  12364.25  12942.5  14349.00  16986.0
66       30.0  13490.700000  1876.190218   9122.0  12485.00  13133.5  14461.25  17229.0
67       30.0  13775.300000  2036.765813   9233.0  12683.50  13430.5  14577.50  18417.0
68       30.0  13980.500000  1988.489389   9385.0  12926.75  13645.5  14732.00  18661.0
69       30.0  14274.733333  2035.989464   9652.0  13177.75  13904.5  15855.50  18761.0
70       30.0  14549.033333  2104.856232   9736.0  13599.00  14263.0  15987.75  19088.0
71       30.0  14774.833333  2094.102525  10354.0  13775.75  14360.5  16385.00  19217.0
72       30.0  14948.433333  2047.041914  10799.0  13945.75  14588.5  16431.25  19247.0
73       30.0  15178.200000  2038.668166  10935.0  14193.00  14959.0  16577.75  19469.0
74       30.0  15414.566667  2016.464432  11178.0  14360.50  15077.5  16792.75  19595.0
75       30.0  15577.566667  2009.708671  11289.0  14550.00  15243.0  16851.00  19598.0
76       30.0  15769.666667  2007.087998  11687.0  14735.50  15562.5  16976.25  19829.0
77       30.0  15960.233333  2007.306270  11796.0  14957.00  15809.0  17125.25  20100.0
78       30.0  16153.066667  2022.097664  12225.0  14999.50  16050.5  17224.00  20538.0
79       30.0  16451.233333  2004.622824  12411.0  15654.00  16203.0  17523.50  20734.0
80       30.0  16701.966667  1996.305354  12745.0  15727.50  16621.5  17692.25  20830.0
81       30.0  16993.600000  2018.564095  12998.0  15914.25  16869.0  18098.75  21385.0
82       30.0  17236.033333  2041.581714  13063.0  16073.50  17294.5  18513.50  21842.0
83       30.0  17409.533333  2017.840306  13469.0  16130.50  17712.5  18562.00  22007.0
84       30.0  17608.066667  1937.997686  13596.0  16325.75  17924.5  18694.00  22134.0
85       30.0  17879.066667  1929.675244  13973.0  16680.25  17955.5  19045.50  22137.0
86       30.0  18179.133333  1938.777000  14020.0  17085.25  18275.5  19157.00  22404.0
87       30.0  18512.566667  2022.379423  14085.0  17203.00  18804.5  19450.50  23377.0
88       30.0  18765.266667  2055.568852  14265.0  17348.50  19075.0  19791.50  23640.0
89       30.0  19089.466667  2039.611334  14608.0  17638.25  19413.5  20348.75  23834.0
90       30.0  19264.933333  2075.272046  14611.0  17720.00  19572.0  20454.00  23837.0
91       30.0  19419.266667  2054.380583  14815.0  17949.50  19631.0  20598.75  24000.0
92       30.0  19642.966667  2086.256233  14994.0  18100.00  19914.0  20975.50  24244.0
93       30.0  19922.133333  1980.470716  15904.0  18386.25  20100.5  20987.50  24663.0
94       30.0  20177.400000  2060.695909  16174.0  18650.25  20461.5  21415.75  24904.0
95       30.0  20385.366667  2067.371252  16232.0  18993.75  20549.0  21563.00  25103.0
96       30.0  20613.800000  2082.926330  16249.0  19230.00  20637.0  21918.25  25485.0
97       30.0  20809.833333  2077.099903  16443.0  19402.00  20738.5  22083.50  25671.0
98       30.0  21052.433333  2027.496531  16707.0  19820.00  21125.0  22246.75  25747.0
99       30.0  21261.500000  2049.618144  16806.0  20266.50  21304.5  22519.00  25779.0
100      30.0  21457.400000  2071.644085  17199.0  20556.25  21502.0  22805.00  25939.0
101      30.0  21702.933333  2084.843580  17737.0  20672.25  21686.0  23024.25  26387.0
102      30.0  21918.900000  2095.124593  17926.0  20787.50  21906.0  23274.00  26442.0
103      30.0  22242.833333  2056.802709  18251.0  21089.50  22204.0  23547.25  26566.0
104      30.0  22493.200000  2083.167340  18279.0  21159.50  22407.5  24006.50  26685.0
105      30.0  22695.833333  2097.483896  18394.0  21209.50  22586.5  24445.50  26748.0
106      30.0  22921.666667  2096.076291  18464.0  21403.25  22898.5  24611.50  27208.0
107      30.0  23101.200000  2059.836391  18897.0  21596.50  22975.5  24660.25  27324.0
108      30.0  23317.433333  2080.610565  19163.0  22022.00  23302.5  24937.75  27700.0
109      30.0  23557.066667  2089.098749  19166.0  22487.00  23606.5  25019.75  27799.0
110      30.0  23846.000000  2099.128308  19505.0  22573.75  23774.5  25390.50  28029.0
111      30.0  24093.900000  2125.045595  19666.0  22780.00  24206.5  25846.50  28067.0
112      30.0  24313.033333  2147.922982  19708.0  22886.25  24660.5  25984.00  28155.0
113      30.0  24517.333333  2155.539509  19721.0  23221.00  24842.5  26320.25  28253.0
114      30.0  24738.133333  2207.058641  19889.0  23228.75  25014.5  26464.00  28965.0
115      30.0  24941.300000  2190.569949  19935.0  23653.75  25126.0  26526.25  29034.0
116      30.0  25154.166667  2199.422041  20324.0  23826.25  25314.5  26629.75  29269.0
117      30.0  25377.400000  2251.014049  20501.0  24241.00  25544.5  26759.25  29915.0
118      30.0  25614.733333  2259.922686  20609.0  24369.75  25695.5  27122.00  30065.0
119      30.0  25918.500000  2260.824792  21257.0  24710.75  25890.0  27258.75  30581.0
120      30.0  26165.966667  2227.756974  21555.0  24951.25  26367.5  27627.25  30655.0
121      30.0  26407.466667  2256.506435  21745.0  25315.25  26467.5  28065.00  30928.0
122      30.0  26674.200000  2327.161026  21774.0  25518.00  26766.0  28532.75  31923.0
123      30.0  26923.633333  2339.712456  21911.0  25702.75  27168.5  28639.75  32029.0
124      30.0  27173.700000  2351.540026  21959.0  26170.25  27314.5  28808.75  32204.0
125      30.0  27396.266667  2355.707053  22145.0  26560.25  27524.5  28953.25  32219.0
126      30.0  27582.600000  2331.049158  22547.0  26725.50  27538.5  29134.00  32333.0
127      30.0  27813.533333  2368.736688  22715.0  27127.75  27718.5  29518.25  32446.0
128      30.0  27995.866667  2419.306109  22763.0  27164.25  27910.0  29699.00  32552.0
129      30.0  28220.233333  2436.806838  22815.0  27268.50  28354.0  29905.50  32718.0
130      30.0  28464.833333  2448.977888  23074.0  27477.00  28701.0  30114.00  32945.0
131      30.0  28648.533333  2472.745852  23203.0  27534.50  28960.0  30202.75  33041.0
132      30.0  28941.433333  2497.614513  23634.0  27694.50  29489.0  30648.00  33076.0
133      30.0  29219.166667  2502.369375  23755.0  28060.75  29818.0  30904.00  33267.0
134      30.0  29526.800000  2557.952136  23906.0  28405.00  30035.0  30994.50  33654.0
135      30.0  29736.233333  2585.274636  24017.0  28632.25  30228.5  31340.25  34136.0
136      30.0  29880.966667  2585.149612  24119.0  28787.25  30365.0  31385.25  34237.0
137      30.0  30183.933333  2656.615450  24340.0  29097.00  30465.0  31514.25  34853.0
138      30.0  30433.066667  2647.654042  24343.0  29245.00  30758.5  31880.00  34875.0
139      30.0  30655.500000  2594.276801  24673.0  29771.00  30891.0  32066.00  35156.0
140      30.0  30913.900000  2572.614212  24939.0  29972.00  31482.0  32255.00  35568.0
141      30.0  31133.600000  2583.749929  25189.0  30159.25  31555.0  32553.50  35748.0
142      30.0  31388.333333  2488.002097  25999.0  30645.50  31598.5  32650.75  35751.0
143      30.0  31608.933333  2451.811785  26015.0  30733.75  31767.0  32843.00  36272.0
144      30.0  31823.766667  2484.689847  26123.0  30858.25  31960.5  33081.00  36918.0
145      30.0  32057.366667  2509.378567  26294.0  30950.00  32252.0  33403.25  37581.0
146      30.0  32247.400000  2505.818259  26604.0  31188.25  32697.5  33640.25  37703.0
147      30.0  32478.933333  2521.764406  26870.0  31401.00  32829.0  33893.25  37769.0
148      30.0  32712.366667  2536.878757  27168.0  31563.25  32893.5  34225.50  38277.0
149      30.0  32903.433333  2587.194442  27253.0  31715.75  32988.0  34521.50  39024.0
150      30.0  33078.933333  2551.091233  27583.0  31787.25  33096.5  34569.00  39177.0
151      30.0  33257.033333  2556.848970  27684.0  31875.00  33437.0  34744.00  39381.0
152      30.0  33473.466667  2557.915864  27943.0  32233.00  33586.5  34898.50  39561.0
153      30.0  33680.166667  2626.409915  28056.0  32341.50  33927.0  35151.50  39626.0
154      30.0  33964.800000  2680.057815  28059.0  32628.75  34081.0  36171.25  39665.0
155      30.0  34194.500000  2534.013863  28666.0  32913.50  34210.0  36395.50  39670.0
156      30.0  34400.733333  2529.760653  29037.0  33121.25  34347.5  36463.00  40062.0
157      30.0  34684.066667  2585.494456  29199.0  33297.50  34628.0  36893.50  40351.0
158      30.0  34860.500000  2576.696050  29476.0  33344.25  34783.0  37063.75  40378.0
159      30.0  35093.633333  2479.574080  29655.0  33586.75  35133.5  37319.25  40486.0
160      30.0  35290.000000  2482.345206  29728.0  33715.00  35284.0  37496.75  40620.0
161      30.0  35526.000000  2547.674504  29919.0  33876.50  35642.0  37561.25  41594.0
162      30.0  35700.800000  2517.134515  30041.0  33997.00  35781.0  37731.25  41820.0
163      30.0  35863.100000  2478.207602  30488.0  34064.25  35980.5  37842.00  41857.0
164      30.0  36062.533333  2487.710230  30521.0  34508.25  36138.5  38116.00  42055.0
165      30.0  36289.800000  2500.599382  30644.0  34585.00  36300.5  38369.00  42253.0
166      30.0  36575.966667  2492.837567  30829.0  34941.75  36574.0  38708.25  42428.0
167      30.0  36895.433333  2478.708628  30930.0  35615.50  36821.5  38861.00  43145.0
168      30.0  37135.600000  2536.619806  31000.0  35715.75  37153.0  38975.25  43245.0
169      30.0  37370.833333  2545.917531  31003.0  35933.75  37621.0  39079.75  43347.0
170      30.0  37590.100000  2613.776886  31106.0  36015.25  37791.0  39451.75  43619.0
171      30.0  37819.500000  2620.785836  31237.0  36262.00  37846.0  39690.75  43941.0
172      30.0  38058.966667  2678.363403  31324.0  36428.00  38093.5  40090.50  44088.0
173      30.0  38252.733333  2735.695901  31389.0  36509.00  38621.0  40346.25  44398.0
174      30.0  38449.866667  2783.183463  31587.0  36595.00  38795.5  40619.00  44477.0
175      30.0  38666.633333  2806.812691  31729.0  36737.00  38913.5  40707.00  44548.0
176      30.0  38873.000000  2871.918595  31768.0  36960.75  39015.0  41043.50  44648.0
177      30.0  39162.833333  2970.901049  32129.0  37195.25  39235.0  41373.75  45739.0
178      30.0  39325.800000  3004.203129  32255.0  37391.75  39348.5  41480.25  46328.0
179      30.0  39541.933333  3004.816397  32369.0  37480.75  39567.5  41635.75  46736.0
180      30.0  39760.733333  3031.860928  32572.0  37839.25  40004.0  41704.50  47440.0
181      30.0  40001.500000  3044.600384  32657.0  37933.50  40392.5  41811.50  47557.0
182      30.0  40190.333333  3054.170098  32751.0  38276.75  40597.0  41953.25  47962.0
183      30.0  40476.266667  2983.361884  33454.0  38446.25  40905.5  42310.75  48163.0
184      30.0  40666.466667  3014.337598  33664.0  38618.00  41080.5  42493.50  48237.0
185      30.0  40938.300000  2957.576794  34604.0  38785.50  41276.5  42672.50  48300.0
186      30.0  41129.866667  2942.291058  34823.0  38889.50  41538.5  42873.25  48436.0
187      30.0  41364.200000  2935.532947  35116.0  38970.25  41699.0  43437.50  48599.0
188      30.0  41547.700000  2929.773136  35202.0  39153.75  41956.0  43576.00  48669.0
189      30.0  41816.666667  2939.901539  35551.0  39262.75  42192.5  43795.75  48824.0
190      30.0  42057.700000  3003.873513  35760.0  39686.75  42289.5  44004.75  49810.0
191      30.0  42280.700000  3004.427528  35916.0  39990.25  42473.0  44114.00  49955.0
192      30.0  42498.966667  2962.764628  37196.0  40094.00  42660.5  44300.75  50342.0
193      30.0  42748.400000  2947.060062  37317.0  40588.75  42826.5  44443.50  50521.0
194      30.0  43015.033333  3097.131582  37320.0  40622.25  42948.0  44769.25  51245.0
195      30.0  43261.700000  3108.321824  37866.0  40673.75  43222.0  44872.50  52004.0
196      30.0  43560.266667  3148.697453  38373.0  40944.00  43449.5  45319.75  52428.0
197      30.0  43744.266667  3115.894513  39259.0  41297.00  43632.5  45434.50  52554.0
198      30.0  44020.533333  3078.955687  39368.0  41467.25  43801.5  45707.00  52758.0
199      30.0  44217.833333  3127.921774  39506.0  41482.25  44155.0  45886.75  53016.0
200      30.0  44419.966667  3093.714679  40362.0  41526.25  44258.5  46221.00  53122.0
201      29.0  44296.655172  2656.957541  40454.0  41533.00  44369.0  46024.00  50200.0
202      29.0  44546.448276  2645.865381  40679.0  42073.00  44517.0  46181.00  50212.0
203      29.0  44808.103448  2711.133558  41056.0  42207.00  44569.0  46803.00  50452.0
204      29.0  45013.586207  2700.547584  41246.0  42399.00  45025.0  46926.00  50618.0
205      29.0  45318.137931  2683.334862  41402.0  42616.00  45265.0  47693.00  50621.0
206      29.0  45545.655172  2691.099288  41506.0  43149.00  45669.0  47774.00  50773.0
207      29.0  45778.172414  2691.619495  41509.0  43582.00  45763.0  47926.00  50982.0
208      29.0  45951.724138  2744.201288  41547.0  43612.00  45936.0  48049.00  50995.0
209      29.0  46166.724138  2834.997819  41670.0  43897.00  46156.0  48171.00  51461.0
210      28.0  46205.607143  2815.311947  41736.0  44003.75  46255.0  47953.25  51698.0
211      28.0  46528.428571  2826.992571  42031.0  44427.25  46431.5  48105.50  51832.0
212      28.0  46753.964286  2825.776320  42259.0  44659.00  46707.5  48261.25  52014.0
213      28.0  46977.142857  2832.559224  42420.0  44915.50  46753.0  48764.00  52248.0
214      27.0  47083.222222  2764.541210  42534.0  45083.50  46881.0  48638.00  52572.0
215      26.0  47175.038462  2605.007032  42537.0  45268.00  47194.0  48802.00  52809.0
216      26.0  47372.461538  2627.470620  42573.0  45532.25  47495.5  49054.25  53031.0
217      25.0  47522.200000  2633.713269  43046.0  45647.00  47646.0  49271.00  53276.0
218      25.0  47701.160000  2627.980081  43339.0  45769.00  47766.0  49378.00  53301.0
219      25.0  47906.360000  2617.032892  43423.0  46146.00  47872.0  49655.00  53396.0
220      24.0  47928.833333  2307.788809  44235.0  46260.00  47950.0  49648.50  52105.0
221      23.0  48092.826087  2249.231801  44415.0  46498.50  48218.0  49296.00  52347.0
222      22.0  48206.727273  2291.045242  44521.0  46557.00  48338.5  49140.50  52528.0
223      21.0  48188.333333  2238.848149  44561.0  46631.00  48424.0  49295.00  52617.0
224      21.0  48397.904762  2246.774820  44671.0  47090.00  48523.0  49616.00  52897.0
225      21.0  48578.761905  2216.677263  44953.0  47266.00  48659.0  49734.00  52958.0
226      20.0  48519.500000  2030.854072  45046.0  47600.75  48777.5  49497.25  52869.0
227      19.0  48601.894737  1886.871158  45340.0  47754.00  48808.0  49350.00  52937.0
228      18.0  48576.444444  1838.687774  45459.0  47873.25  48758.0  49310.50  52999.0
229      17.0  48612.176471  1801.792935  45580.0  47840.00  49000.0  49392.00  53014.0
230      16.0  48515.250000  1354.853178  45866.0  47860.50  48901.5  49515.00  50353.0
231      16.0  48731.812500  1398.048698  46099.0  47902.75  49126.5  49733.25  50654.0
232      16.0  48846.562500  1424.942337  46135.0  48033.50  49238.0  49887.25  50743.0
233      16.0  49035.937500  1341.209477  46253.0  48319.50  49382.5  50074.25  50926.0
234      14.0  49089.714286  1463.558909  46293.0  48109.75  49449.0  50180.25  51076.0
235      14.0  49386.285714  1570.813333  46296.0  48295.25  49666.0  50783.75  51243.0
236      13.0  49382.153846  1563.326626  46382.0  48329.00  49801.0  50679.00  51350.0
237      12.0  49427.916667  1459.376732  46567.0  48727.00  49864.5  50364.00  51165.0
238      12.0  49573.583333  1453.243048  46570.0  48762.50  49973.0  50514.00  51418.0
239      12.0  49797.166667  1524.080398  46653.0  48934.75  50067.0  50664.00  52122.0
240      10.0  49758.200000  1604.845081  46763.0  48763.25  49807.5  50627.75  52125.0
241       9.0  49808.000000  1638.635103  46913.0  48709.00  49954.0  50508.00  52283.0
242       9.0  50030.888889  1601.584328  47383.0  48884.00  50122.0  50542.00  52498.0
243       9.0  50203.444444  1667.613273  47542.0  49058.00  50304.0  50572.00  52774.0
244       9.0  50526.000000  1593.668723  47785.0  49724.00  50593.0  50973.00  52844.0
245       8.0  50805.750000  1653.439510  48297.0  49814.75  50691.0  51573.25  53179.0
246       7.0  51432.285714  1394.315688  49656.0  50563.50  51262.0  52342.00  53297.0
247       7.0  51614.142857  1303.900486  50125.0  50772.50  51304.0  52465.50  53394.0
248       7.0  51714.571429  1321.407313  50181.0  50807.00  51510.0  52622.50  53452.0
249       5.0  51917.400000  1704.891287  50353.0  50374.00  51409.0  53714.00  53737.0
250       5.0  52090.400000  1626.505088  50439.0  50814.00  51569.0  53763.00  53867.0
251       4.0  52321.250000  1832.383216  50523.0  50851.50  52420.5  53890.25  53921.0
252       4.0  52457.250000  1852.297200  50526.0  51045.00  52616.5  54028.75  54070.0
253       3.0  52048.333333  1920.630712  50600.0  50959.00  51318.0  52772.50  54227.0
254       2.0  51324.000000   357.796031  51071.0  51197.50  51324.0  51450.50  51577.0
255       2.0  51408.500000   307.591450  51191.0  51299.75  51408.5  51517.25  51626.0
256       2.0  51548.000000   388.908730  51273.0  51410.50  51548.0  51685.50  51823.0
257       2.0  52011.000000   349.310750  51764.0  51887.50  52011.0  52134.50  52258.0
258       2.0  52368.000000   246.073160  52194.0  52281.00  52368.0  52455.00  52542.0
259       2.0  52547.000000   322.440692  52319.0  52433.00  52547.0  52661.00  52775.0
260       2.0  52670.500000   331.633080  52436.0  52553.25  52670.5  52787.75  52905.0
261       2.0  52840.500000   413.657467  52548.0  52694.25  52840.5  52986.75  53133.0
262       2.0  52878.500000   412.243253  52587.0  52732.75  52878.5  53024.25  53170.0
263       2.0  53045.000000   401.636652  52761.0  52903.00  53045.0  53187.00  53329.0
264       2.0  53240.500000   194.454365  53103.0  53171.75  53240.5  53309.25  53378.0
265       2.0  53320.000000   169.705627  53200.0  53260.00  53320.0  53380.00  53440.0
266       1.0  53458.000000          NaN  53458.0  53458.00  53458.0  53458.00  53458.0
267       1.0  53524.000000          NaN  53524.0  53524.00  53524.0  53524.00  53524.0
268       1.0  53634.000000          NaN  53634.0  53634.00  53634.0  53634.00  53634.0
269       1.0  54180.000000          NaN  54180.0  54180.00  54180.0  54180.00  54180.0
270       1.0  54332.000000          NaN  54332.0  54332.00  54332.0  54332.00  54332.0
271       1.0  54422.000000          NaN  54422.0  54422.00  54422.0  54422.00  54422.0
272       1.0  54688.000000          NaN  54688.0  54688.00  54688.0  54688.00  54688.0
273       1.0  54831.000000          NaN  54831.0  54831.00  54831.0  54831.00  54831.0
274       1.0  54953.000000          NaN  54953.0  54953.00  54953.0  54953.00  54953.0
275       1.0  55003.000000          NaN  55003.0  55003.00  55003.0  55003.00  55003.0
276       1.0  55209.000000          NaN  55209.0  55209.00  55209.0  55209.00  55209.0
277       1.0  55431.000000          NaN  55431.0  55431.00  55431.0  55431.00  55431.0
278       1.0  55885.000000          NaN  55885.0  55885.00  55885.0  55885.00  55885.0

REVC clock stats:
        count          mean          std      min       25%      50%       75%      max
Events
1        30.0     38.800000     1.423933     37.0     37.25     39.0     40.00     41.0
2        30.0     44.300000     1.859737     41.0     43.00     44.0     46.00     47.0
3        30.0     70.533333    16.510672     47.0     48.00     81.5     82.00     84.0
4        30.0     85.833333     2.085803     83.0     84.00     85.0     88.00     89.0
5        30.0     90.866667     1.357821     89.0     89.25     92.0     92.00     92.0
6        30.0    436.533333   488.505443     92.0    126.50    312.5    525.75   2445.0
7        30.0    739.400000   603.255113    141.0    355.50    589.0   1054.00   2747.0
8        30.0   1109.066667   704.667881    256.0    577.25    947.5   1557.75   3096.0
9        30.0   1478.633333   858.605987    303.0    863.00   1246.0   1998.25   3304.0
10       30.0   1841.133333   924.999375    521.0   1211.25   1652.5   2666.50   3504.0
11       30.0   2150.133333   920.602978    702.0   1401.75   1966.0   2813.00   4132.0
12       30.0   2672.366667  1022.205610    829.0   1923.00   2582.5   3408.00   4818.0
13       30.0   2925.500000  1008.952128   1579.0   2082.50   2762.5   3584.00   4935.0
14       30.0   3285.233333  1123.888990   1582.0   2634.75   3179.5   3936.75   5536.0
15       30.0   3607.100000  1143.891403   1640.0   2941.75   3469.0   4091.00   5868.0
16       30.0   3859.100000  1161.349374   2001.0   3114.75   3841.0   4409.75   5994.0
17       30.0   4275.133333  1146.735569   2229.0   3591.75   4179.0   4679.25   6422.0
18       30.0   4684.533333  1233.354096   2391.0   3972.25   4517.5   5561.75   7014.0
19       30.0   5112.800000  1376.608887   2476.0   4350.00   4881.5   6077.75   8842.0
20       30.0   5501.166667  1421.361200   2817.0   4530.00   5235.5   6408.50   8900.0
21       30.0   5795.966667  1445.673366   2946.0   4964.25   5536.5   6589.50   9434.0
22       30.0   6070.966667  1573.436728   3159.0   5095.75   5875.0   6735.75  10637.0
23       30.0   6524.900000  1636.052869   3218.0   5463.00   6435.0   7256.25  11305.0
24       30.0   6913.866667  1638.593125   3722.0   5839.50   6846.5   8158.75  11558.0
25       30.0   7344.866667  1846.645042   4047.0   5956.75   7175.0   8340.00  12405.0
26       30.0   7768.766667  1837.974310   4117.0   6508.25   7686.5   8924.75  12944.0
27       30.0   8061.933333  1851.743073   4242.0   6846.75   8168.0   9184.00  13104.0
28       30.0   8344.533333  1821.738100   4548.0   7231.00   8375.0   9492.50  13195.0
29       30.0   8687.200000  1860.011761   4970.0   7471.50   8854.0   9923.25  13353.0
30       30.0   9069.933333  2111.636005   5266.0   7704.00   9014.5  10361.25  13724.0
31       30.0   9512.800000  2175.211419   5942.0   7882.00   9208.0  10935.75  13773.0
32       30.0   9995.100000  2094.078504   6130.0   8401.50   9692.0  11490.00  13799.0
33       30.0  10327.000000  2150.888814   6335.0   8562.75   9887.0  11546.00  14173.0
34       30.0  10781.266667  2238.615858   6480.0   9331.75  10310.5  12041.75  14752.0
35       30.0  11113.466667  2351.408349   6636.0   9502.25  10462.0  12891.75  15434.0
36       30.0  11441.900000  2322.923802   6686.0  10106.75  10720.0  13289.50  15588.0
37       30.0  11872.700000  2612.213293   6811.0  10163.00  11380.0  13503.00  17002.0
38       30.0  12323.333333  2645.173436   7055.0  10354.75  12357.0  14103.75  17807.0
39       30.0  12707.866667  2657.822063   8102.0  10752.75  12439.0  14819.75  18115.0
40       30.0  13005.500000  2588.706490   8284.0  11165.75  12606.0  15027.25  18245.0
41       30.0  13331.433333  2566.250971   8642.0  11350.00  12851.0  15584.00  18646.0
42       30.0  13736.533333  2768.698583   8745.0  11637.50  12950.0  15915.25  19880.0
43       30.0  14154.033333  2840.002750   8781.0  11872.75  13470.0  16544.75  20087.0
44       30.0  14553.333333  2855.354623   9759.0  12015.00  13641.5  17020.00  20366.0
45       30.0  14843.633333  2794.105106   9762.0  12460.25  14037.5  17146.75  20429.0
46       30.0  15120.766667  2793.864419   9765.0  12696.75  14538.5  17470.25  20678.0
47       30.0  15464.100000  2802.951921  10401.0  13067.75  14899.5  17622.25  20720.0
48       30.0  16003.400000  2839.131978  10782.0  14064.25  15323.0  18190.75  21091.0
49       30.0  16350.666667  2773.053183  11408.0  14274.50  15898.0  18363.00  21483.0
50       30.0  16738.233333  2818.739443  11941.0  14664.75  16508.0  18495.50  22235.0
51       30.0  17203.000000  2799.002002  12466.0  15054.25  16920.5  18830.50  22937.0
52       30.0  17601.766667  2693.413648  13661.0  15519.00  17048.5  19008.00  23399.0
53       30.0  17898.200000  2665.931685  14092.0  15991.75  17699.5  19282.50  23552.0
54       30.0  18320.566667  2743.317582  14513.0  16169.75  17935.0  19643.00  24259.0
55       30.0  18701.600000  2840.693657  14614.0  16461.75  18065.0  20809.50  24909.0
56       30.0  19101.266667  2812.809553  14846.0  16906.50  18413.5  21825.50  25150.0
57       30.0  19474.166667  2790.193543  15009.0  17248.50  18854.5  22056.00  25402.0
58       30.0  19880.333333  2849.183529  15080.0  17790.50  19107.0  22419.00  25615.0
59       30.0  20214.766667  2912.745283  15549.0  18044.25  19359.0  22629.00  26387.0
60       30.0  20628.366667  2987.794972  15803.0  18452.75  19620.5  22808.50  26891.0
61       30.0  20919.566667  3027.299943  16475.0  18837.25  19935.0  22939.50  27546.0
62       30.0  21312.166667  3093.185147  16603.0  19045.25  20165.5  23515.75  27939.0
63       30.0  21628.200000  3086.769156  16804.0  19396.75  20639.5  23946.25  28372.0
64       30.0  22011.966667  3008.011217  17472.0  19690.00  21254.0  24095.50  28666.0
65       30.0  22373.300000  3034.571050  17828.0  19896.50  21655.0  24540.25  29016.0
66       30.0  22725.833333  2993.498243  18492.0  20399.25  22458.5  24898.75  29276.0
67       30.0  23025.333333  2993.009157  19155.0  20837.25  22798.5  25030.75  29332.0
68       30.0  23453.166667  2950.592916  19672.0  21009.75  23287.5  25135.75  29888.0
69       30.0  23707.266667  2949.250939  19726.0  21326.50  23712.0  25557.50  29984.0
70       30.0  24095.900000  2920.512937  19827.0  21988.75  23991.5  26002.75  30020.0
71       30.0  24479.500000  2848.454448  20019.0  22411.75  24336.0  26181.25  30320.0
72       30.0  24836.700000  2829.279330  20251.0  22802.75  24678.5  26433.50  30575.0
73       30.0  25247.633333  2861.536403  20365.0  22912.50  25314.5  26775.75  30835.0
74       30.0  25566.800000  2894.056280  20426.0  23406.75  25640.0  27037.75  31503.0
75       30.0  25879.666667  2815.197076  20455.0  23811.25  25959.0  27272.50  31579.0
76       30.0  26429.833333  2983.953558  20779.0  24190.75  26569.0  28442.25  31994.0
77       30.0  26728.266667  2965.650082  21480.0  24451.75  26743.0  28867.00  32357.0
78       30.0  27192.000000  3141.226885  21711.0  25013.00  27102.5  29130.75  33565.0
79       30.0  27740.466667  3080.312386  23009.0  25555.50  27603.0  29783.25  33777.0
80       30.0  28232.933333  3097.572608  23150.0  26012.75  28340.5  30117.00  34267.0
81       30.0  28677.800000  3136.015069  23200.0  26749.00  28597.5  31016.75  34742.0
82       30.0  29145.233333  3145.839723  23419.0  27164.00  29218.0  31151.00  34969.0
83       30.0  29483.033333  3140.564791  23867.0  27254.25  29545.0  31655.25  35216.0
84       30.0  29848.200000  3267.038630  23974.0  27299.50  30070.5  32283.75  35973.0
85       30.0  30202.233333  3321.723698  24328.0  27640.25  30259.0  32544.25  36175.0
86       30.0  30568.166667  3305.383395  24424.0  28022.00  30392.5  32690.75  36307.0
87       30.0  30853.533333  3189.128967  24961.0  28172.25  30844.5  33138.50  36547.0
88       30.0  31222.533333  3167.679394  25048.0  28920.25  31189.5  33585.75  36737.0
89       30.0  31538.333333  3151.935621  25052.0  29235.25  31579.5  33766.50  36856.0
90       30.0  31890.766667  3155.087831  25268.0  29574.50  32007.0  34260.50  37049.0
91       30.0  32215.233333  3277.804350  25596.0  29694.25  32227.0  34456.25  37537.0
92       30.0  32590.000000  3277.311314  25927.0  29996.50  32637.5  34932.25  38000.0
93       30.0  32892.433333  3263.807304  26418.0  30185.00  33187.0  35071.50  38161.0
94       30.0  33234.200000  3198.048968  26539.0  30540.25  33432.0  35113.50  38321.0
95       30.0  33741.600000  3326.007150  26890.0  30851.50  33774.0  36503.25  38763.0
96       30.0  34087.600000  3303.821148  27382.0  31259.75  34000.5  36729.25  38918.0
97       30.0  34383.933333  3220.052494  28741.0  31703.00  34432.5  36752.25  39177.0
98       30.0  34585.666667  3243.991160  28780.0  31813.75  34516.5  37102.00  39317.0
99       30.0  34970.600000  3319.111260  29117.0  32513.00  34928.5  37324.50  40173.0
100      30.0  35403.500000  3321.023666  29761.0  33212.75  35487.0  38022.75  41161.0
101      30.0  35721.000000  3415.963710  29921.0  33408.75  35993.5  39060.75  41252.0
102      30.0  36149.100000  3484.211783  30254.0  33761.25  36215.5  39244.25  42418.0
103      30.0  36462.433333  3383.763847  30372.0  34031.25  36380.0  39541.75  42566.0
104      30.0  36737.233333  3429.020235  30798.0  34274.75  36872.0  40105.75  42961.0
105      30.0  37128.200000  3535.971528  30966.0  34577.50  37487.0  40528.50  43697.0
106      30.0  37505.100000  3684.324449  31058.0  34948.75  37908.5  40791.25  45192.0
107      30.0  37894.566667  3656.556895  31088.0  35288.00  38218.5  41073.50  45574.0
108      30.0  38159.000000  3713.468357  31205.0  35485.75  38592.0  41277.75  45669.0
109      30.0  38412.233333  3725.822221  31302.0  35752.75  38747.5  41411.25  45822.0
110      30.0  38802.100000  3745.203520  31865.0  36130.00  38865.5  41789.25  46183.0
111      30.0  39102.266667  3709.254614  32177.0  36413.50  39029.5  42183.75  46312.0
112      30.0  39378.433333  3616.260191  32281.0  36634.50  39485.5  42335.75  46664.0
113      30.0  39749.266667  3598.028645  32475.0  36896.75  40160.0  42517.25  46881.0
114      30.0  40125.266667  3411.189578  32549.0  37672.75  40252.5  42688.25  46970.0
115      30.0  40575.800000  3349.481755  34038.0  38438.00  40706.0  42847.00  47824.0
116      30.0  41024.333333  3402.999451  34428.0  38869.00  41004.0  43104.50  47922.0
117      30.0  41481.633333  3520.517561  34515.0  39108.50  41902.0  43469.00  48158.0
118      30.0  41870.600000  3562.585255  34785.0  39281.00  42143.0  43665.50  48425.0
119      30.0  42275.200000  3586.239779  35140.0  39527.25  42610.5  44692.25  48621.0
120      30.0  42621.233333  3460.479772  35236.0  40000.00  42680.0  44769.75  48757.0
121      30.0  42958.000000  3536.299907  35453.0  40307.00  43053.5  45298.50  49877.0
122      30.0  43411.733333  3445.134149  35581.0  41081.25  43736.5  45649.75  50000.0
123      30.0  43820.933333  3421.596642  35940.0  41158.25  44400.5  45728.50  50398.0
124      30.0  44191.000000  3343.999082  36525.0  41970.25  44718.5  45976.75  50710.0
125      30.0  44664.233333  3447.570836  36939.0  42485.75  45099.5  46814.00  50938.0
126      30.0  44964.766667  3453.275823  37071.0  42755.75  45364.5  47038.00  51257.0
127      30.0  45301.666667  3415.595635  37293.0  42880.25  45889.5  47208.75  51520.0
128      30.0  45725.200000  3479.076288  37328.0  43419.75  46513.5  47672.25  52030.0
129      30.0  46252.633333  3528.389165  37525.0  43810.75  47263.0  48254.75  52449.0
130      30.0  46614.033333  3472.139860  37991.0  44019.25  47487.5  48675.00  52640.0
131      30.0  47074.733333  3464.719901  39343.0  44487.00  47948.0  49159.50  53311.0
132      30.0  47534.000000  3565.485042  39833.0  44592.75  48247.0  49331.00  53628.0
133      30.0  47864.233333  3629.720609  39935.0  44870.00  48699.0  50278.50  53712.0
134      30.0  48140.500000  3678.810553  40073.0  45089.75  48785.0  50692.00  54045.0
135      30.0  48585.566667  3723.618750  41346.0  45228.50  49066.5  51032.50  55027.0
136      30.0  49032.000000  3799.752596  41680.0  45457.75  49381.0  51589.25  55700.0
137      30.0  49397.366667  3819.438020  41723.0  45600.25  50100.5  51789.75  56175.0
138      30.0  49769.366667  3717.207698  42318.0  45810.00  50483.5  52085.50  56322.0
139      30.0  50102.500000  3715.402422  42491.0  46471.25  50712.5  52481.25  56349.0
140      30.0  50517.366667  3709.253178  42494.0  48413.50  51017.5  52725.50  56853.0
141      30.0  50891.033333  3712.910806  43882.0  48538.75  51234.5  53274.50  57624.0
142      30.0  51199.266667  3736.177458  44453.0  48926.50  51532.5  53369.00  57730.0
143      30.0  51643.433333  3795.967286  44813.0  49362.25  51989.0  53970.25  57853.0
144      30.0  52048.366667  3848.007299  44891.0  49805.50  52335.0  54251.50  58325.0
145      30.0  52416.966667  3781.415621  45209.0  49957.25  52636.5  54528.75  58605.0
146      30.0  52850.700000  3853.624189  45335.0  50096.50  53097.0  55583.50  59052.0
147      30.0  53261.533333  3749.806291  45909.0  50445.25  53257.0  56181.25  59565.0
148      30.0  53618.866667  3747.859525  46233.0  50719.50  53787.0  56478.25  59931.0
149      30.0  54004.400000  3685.696618  46645.0  51391.00  54114.5  56731.25  59967.0
150      30.0  54425.966667  3768.788312  47018.0  51798.00  54789.0  57382.50  61505.0
151      30.0  54785.100000  3927.423200  47535.0  52008.00  54947.0  57867.00  61929.0
152      30.0  55224.600000  3933.514044  47886.0  52269.25  55728.0  58241.50  62384.0
153      30.0  55628.233333  3960.665641  48115.0  52643.00  56335.5  58672.25  62658.0
154      30.0  55862.500000  3974.401276  48118.0  52959.00  56668.5  58827.50  62896.0
155      30.0  56288.433333  3929.524413  49966.0  53286.75  57163.0  59278.25  63370.0
156      30.0  56612.633333  3945.913726  49969.0  53841.00  57341.0  59645.00  63933.0
157      30.0  57041.633333  4039.497609  50313.0  54325.25  57494.0  59936.75  64948.0
158      30.0  57439.700000  4031.660667  50562.0  54499.75  57721.5  60189.75  65042.0
159      30.0  57810.466667  3961.772859  50627.0  55104.75  58217.0  60322.50  65101.0
160      30.0  58101.600000  3957.838147  51272.0  55801.50  58431.5  60625.25  65327.0
161      30.0  58383.566667  4056.170971  51522.0  55867.50  58670.0  61114.25  65523.0
162      30.0  58709.400000  4149.211754  51635.0  56149.00  59049.5  61404.50  66252.0
163      30.0  59133.200000  4042.360930  52246.0  56911.25  59459.5  61664.00  66575.0
164      30.0  59465.866667  3920.146063  52721.0  57046.50  59705.5  61881.00  66840.0
165      30.0  59868.166667  3982.907083  53111.0  57594.00  60125.5  62821.75  66994.0
166      30.0  60218.033333  4083.049228  53747.0  57752.50  60312.0  63264.50  68053.0
167      30.0  60652.633333  4147.040802  54476.0  57838.25  60703.5  63710.50  69894.0
168      30.0  60991.100000  4195.359344  54658.0  57973.50  60984.5  64101.25  70045.0
169      30.0  61183.266667  4185.553603  54763.0  58109.75  61084.5  64213.25  70516.0
170      30.0  61623.633333  4276.892729  54987.0  58521.25  61435.5  64632.75  70706.0
171      30.0  61959.566667  4309.693442  55240.0  58823.25  61654.0  64953.00  70785.0
172      30.0  62268.300000  4344.734023  55392.0  58952.00  61980.5  65094.75  71356.0
173      30.0  62729.200000  4296.596122  56109.0  59815.25  62357.0  65390.25  71761.0
174      30.0  63100.766667  4327.591005  56210.0  59839.50  63180.5  66171.50  71875.0
175      30.0  63453.900000  4391.490010  56455.0  60174.25  63257.5  66535.75  72135.0
176      30.0  63774.066667  4347.031472  56750.0  60475.25  63555.5  66864.50  72364.0
177      30.0  64254.433333  4340.207588  57189.0  60654.75  64281.5  67342.25  72725.0
178      30.0  64561.033333  4366.041200  57486.0  60785.50  64981.5  67505.25  73237.0
179      30.0  64914.500000  4308.306130  57865.0  61068.25  65578.0  67911.75  73600.0
180      30.0  65192.900000  4305.007656  57938.0  61262.25  65967.0  67992.00  73755.0
181      30.0  65575.200000  4315.182894  58094.0  61904.50  66433.5  68485.00  73935.0
182      30.0  65811.233333  4278.731110  58526.0  62106.25  66534.0  68752.75  73975.0
183      30.0  66093.166667  4269.833640  58646.0  62394.25  67125.0  68939.50  74130.0
184      30.0  66487.866667  4230.830991  59158.0  63355.00  67260.0  69374.75  74457.0
185      30.0  66794.833333  4295.736965  59397.0  63495.50  67465.5  69813.25  74502.0
186      30.0  67199.233333  4315.154416  59670.0  63953.50  67708.5  70342.50  74943.0
187      30.0  67401.533333  4272.192651  60272.0  64082.00  68022.0  70517.00  75053.0
188      30.0  67777.400000  4462.628285  60805.0  64132.25  68365.0  71147.50  76385.0
189      30.0  68062.800000  4472.138772  61029.0  64428.25  68541.0  71244.75  76852.0
190      30.0  68445.600000  4489.912522  61838.0  64831.75  68969.5  71849.00  77496.0
191      30.0  68936.633333  4525.220242  62117.0  65205.75  69482.0  72105.75  78420.0
192      30.0  69330.233333  4513.491459  62698.0  65677.00  69782.0  72289.75  78576.0
193      30.0  69702.933333  4559.948661  62745.0  66358.25  70094.0  72366.50  79067.0
194      30.0  70077.000000  4602.373915  63024.0  66536.25  70582.5  72802.50  79202.0
195      30.0  70338.266667  4656.718098  63134.0  66600.25  70894.5  73260.50  79438.0
196      30.0  70683.833333  4608.040732  63710.0  66866.50  71263.0  73426.00  79637.0
197      30.0  71111.633333  4728.695355  63824.0  67398.50  71779.5  73480.50  80897.0
198      30.0  71628.200000  4617.877736  64404.0  67626.50  72075.5  74094.25  81063.0
199      30.0  71925.433333  4578.372582  64491.0  68014.25  72556.5  74573.00  81099.0
200      30.0  72271.833333  4597.947084  64777.0  68230.25  73158.5  74954.75  81294.0
201      30.0  72674.633333  4575.353828  65064.0  68883.00  73869.5  75340.75  81453.0
202      30.0  72990.566667  4646.587325  65132.0  69302.25  74320.5  75432.25  82094.0
203      30.0  73321.300000  4586.165810  66015.0  69674.75  74441.5  75749.00  82279.0
204      30.0  73775.566667  4707.941491  66167.0  70134.25  74661.0  76715.75  83300.0
205      30.0  74192.533333  4703.630071  66418.0  70800.50  74873.0  77552.75  83413.0
206      30.0  74448.933333  4625.561699  66601.0  70973.00  75053.0  77676.50  83748.0
207      30.0  74841.200000  4655.689026  66780.0  71395.50  75432.0  77835.25  83820.0
208      30.0  75273.566667  4652.467456  66872.0  72231.25  76082.5  78004.25  84053.0
209      30.0  75696.300000  4576.665750  67457.0  72550.75  76782.0  78183.00  84198.0
210      30.0  76127.133333  4486.513459  67962.0  72785.00  77006.5  79044.75  84328.0
211      30.0  76517.866667  4409.783439  68185.0  73494.25  77274.5  79164.25  84331.0
212      30.0  77007.166667  4426.253269  68480.0  73957.00  78003.5  79607.50  84750.0
213      30.0  77342.166667  4424.846540  68660.0  74489.25  78029.0  80045.75  85234.0
214      30.0  77664.133333  4402.992859  68709.0  74915.00  78458.5  80322.50  85625.0
215      29.0  77856.275862  4199.824536  70452.0  75091.00  78422.0  80647.00  86593.0
216      27.0  77750.814815  4017.584627  70836.0  74967.00  77176.0  80617.00  86990.0
217      27.0  78195.481481  4131.863980  70952.0  75175.00  78404.0  81204.00  87522.0
218      27.0  78744.185185  4091.041771  72202.0  75579.00  78556.0  81467.00  87921.0
219      26.0  78967.384615  4183.848373  72436.0  75709.50  78543.0  82107.00  88124.0
220      25.0  79087.720000  4090.446242  72689.0  76327.00  78663.0  82483.00  88400.0
221      24.0  79245.791667  4143.231505  73130.0  76610.75  78778.5  82542.00  89493.0
222      24.0  79964.083333  4253.535112  73270.0  76964.25  79483.5  82902.25  90036.0
223      24.0  80240.791667  4252.269379  73570.0  77023.50  79953.0  83218.00  90326.0
224      24.0  80541.458333  4193.139593  73798.0  77334.50  80290.5  83397.75  90329.0
225      23.0  80749.347826  4126.595059  74346.0  77366.00  80726.0  83719.00  91438.0
226      23.0  81199.130435  4161.400893  74634.0  78042.00  81101.0  84184.00  91672.0
227      23.0  81542.217391  4307.143210  74943.0  78135.50  81182.0  84494.00  91844.0
228      23.0  81931.217391  4228.371124  75304.0  78635.00  81945.0  84922.00  91981.0
229      21.0  81404.714286  3441.943160  75620.0  78796.00  81857.0  83828.00  88150.0
230      21.0  81674.047619  3435.075246  75761.0  79003.00  82118.0  84014.00  88159.0
231      20.0  81871.500000  3429.879766  75955.0  79401.50  82242.0  84202.00  88207.0
232      20.0  82104.900000  3466.757561  75991.0  79913.75  82283.0  84424.75  88572.0
233      20.0  82669.800000  3593.637984  76138.0  80223.75  82873.5  85356.75  89949.0
234      19.0  82673.631579  3216.357519  76319.0  80470.50  82906.0  85232.00  87163.0
235      19.0  83061.315789  3328.054855  76482.0  80764.00  83187.0  85789.00  88185.0
236      18.0  83132.333333  3278.110037  76518.0  80912.25  82932.5  85299.00  87537.0
237      16.0  83298.562500  3226.756493  78031.0  81079.75  83101.0  86184.75  87627.0
238      16.0  83606.562500  3389.681381  78144.0  81306.00  83232.5  86450.25  88156.0
239      14.0  83600.857143  3327.941772  78353.0  81532.00  83525.5  86177.75  88244.0
240      11.0  83673.727273  3477.255501  78531.0  81724.00  83591.0  86130.00  88745.0
241      10.0  84272.800000  3642.435046  78627.0  82708.50  84483.5  86647.50  88986.0
242      10.0  84460.100000  3625.002144  78730.0  82922.25  84770.5  86804.75  88989.0
243      10.0  84696.600000  3639.952906  78830.0  83193.50  85430.5  86897.50  89144.0
244      10.0  85130.800000  3580.129569  79368.0  83479.75  85980.5  87512.25  89416.0
245       9.0  85411.222222  3861.615458  79680.0  83146.00  86694.0  88315.00  89704.0
246       9.0  85710.444444  3888.437672  79739.0  84384.00  87095.0  88487.00  90222.0
247       9.0  86146.666667  3931.401023  80065.0  84583.00  87263.0  88678.00  90850.0
248       8.0  85951.000000  3793.980910  80353.0  83831.00  86365.5  88469.75  91007.0
249       8.0  86192.125000  3673.001942  80722.0  84041.00  86443.0  88691.25  91110.0
250       7.0  85732.714286  3292.561906  80853.0  83791.50  85350.0  88222.50  89898.0
251       7.0  85982.571429  3254.697367  80925.0  84068.50  86220.0  88266.50  90063.0
252       6.0  85789.500000  3343.023766  81213.0  83510.25  86101.0  87962.00  90093.0
253       6.0  86050.000000  3369.449154  81216.0  83819.50  86620.5  88260.50  90150.0
254       5.0  85975.000000  3364.530651  81687.0  83667.00  86464.0  87871.00  90186.0
255       5.0  86315.400000  3237.906160  81854.0  84627.00  86679.0  88134.00  90283.0
256       5.0  86501.800000  3145.514060  82083.0  84962.00  86954.0  88179.00  90331.0
257       4.0  86682.250000  3381.569199  82916.0  84502.25  86628.0  88808.00  90557.0
258       2.0  86570.500000  4302.744764  83528.0  85049.25  86570.5  88091.75  89613.0
259       1.0  83654.000000          NaN  83654.0  83654.00  83654.0  83654.00  83654.0
260       1.0  84131.000000          NaN  84131.0  84131.00  84131.0  84131.00  84131.0
261       1.0  84233.000000          NaN  84233.0  84233.00  84233.0  84233.00  84233.0
262       1.0  84587.000000          NaN  84587.0  84587.00  84587.0  84587.00  84587.0
263       1.0  84830.000000          NaN  84830.0  84830.00  84830.0  84830.00  84830.0
264       1.0  84978.000000          NaN  84978.0  84978.00  84978.0  84978.00  84978.0
265       1.0  85197.000000          NaN  85197.0  85197.00  85197.0  85197.00  85197.0
266       1.0  85200.000000          NaN  85200.0  85200.00  85200.0  85200.00  85200.0
267       1.0  85509.000000          NaN  85509.0  85509.00  85509.0  85509.00  85509.0
268       1.0  85689.000000          NaN  85689.0  85689.00  85689.0  85689.00  85689.0

DMTREVC clock stats:
        count          mean          std      min       25%      50%       75%      max
Events
1        30.0     71.266667     1.412587     69.0     70.00     72.0     72.00     73.0
2        30.0     76.600000     1.922642     73.0     75.00     76.0     78.00     79.0
3        30.0    129.300000    28.077663     79.0    143.00    144.0    145.00    146.0
4        30.0    148.033333     2.075860    145.0    146.25    148.0    150.00    151.0
5        30.0    153.200000     1.214851    150.0    152.25    154.0    154.00    154.0
6        30.0    667.366667   810.260090    156.0    229.00    342.0    877.00   3350.0
7        30.0   1206.800000  1128.578856    232.0    431.50    698.5   1334.00   3692.0
8        30.0   1684.000000  1278.395357    317.0    797.00   1318.0   1920.00   5326.0
9        30.0   2149.966667  1286.831969    316.0   1236.00   1838.0   2880.00   5391.0
10       30.0   2815.633333  1427.492774    630.0   1639.25   2647.0   3621.25   5734.0
11       30.0   3349.500000  1512.891243    819.0   2255.75   3335.5   4072.75   6255.0
12       30.0   3893.466667  1605.931757    928.0   2877.75   3600.0   4948.50   7270.0
13       30.0   4391.966667  1712.309883   1261.0   3250.00   4173.0   5408.00   8235.0
14       30.0   4838.700000  1672.918040   1312.0   3959.50   4761.5   5907.75   8348.0
15       30.0   5274.700000  1810.482354   1299.0   4572.00   5099.5   6299.75   8650.0
16       30.0   5631.433333  1764.201366   1705.0   4783.25   5425.5   6448.25   8702.0
17       30.0   5979.466667  1723.659994   2188.0   5228.25   6007.0   6517.00   9228.0
18       30.0   6386.066667  1704.874491   2623.0   5735.00   6267.0   7153.25   9950.0
19       30.0   6921.700000  1731.676229   3292.0   6029.75   7145.0   8226.50  10111.0
20       30.0   7350.166667  1635.559381   4135.0   6739.50   7380.0   8485.50  10959.0
21       30.0   7869.100000  1868.367891   4635.0   6837.25   7829.5   9260.50  11611.0
22       30.0   8258.833333  1898.082918   4762.0   7083.75   8517.5   9477.50  11599.0
23       30.0   8650.700000  1817.803869   4982.0   7394.25   8905.5   9975.75  11615.0
24       30.0   9310.666667  1801.084852   5338.0   8271.00   9583.5  10374.00  12247.0
25       30.0   9710.033333  1843.383667   5450.0   8514.50  10115.5  11066.00  12348.0
26       30.0  10152.433333  1752.542757   6388.0   8935.75  10324.0  11379.00  13339.0
27       30.0  10559.100000  1861.413726   6438.0   9167.25  10997.0  11781.25  13653.0
28       30.0  11021.933333  1985.371935   6493.0   9775.25  11549.5  12326.75  14681.0
29       30.0  11473.766667  1966.058804   7159.0  10595.50  11958.0  12684.75  15300.0
30       30.0  11892.466667  2106.482306   7212.0  11086.25  12107.0  13361.50  16850.0
31       30.0  12374.566667  2155.885316   7353.0  11194.25  12852.0  13941.25  17232.0
32       30.0  12739.366667  2141.688819   7336.0  11476.25  13200.5  14214.75  17636.0
33       30.0  13433.766667  2345.258778   7526.0  11927.25  13902.5  15151.75  17743.0
34       30.0  13718.933333  2395.926254   7621.0  12296.25  14204.5  15264.00  18206.0
35       30.0  14069.200000  2288.382042   8142.0  12877.75  14524.5  15346.00  18204.0
36       30.0  14445.100000  2263.789977   8544.0  13558.50  14797.5  15869.25  18537.0
37       30.0  14844.666667  2371.406004   8880.0  13910.50  15077.5  16047.25  19175.0
38       30.0  15397.000000  2346.074050   8856.0  14580.25  15531.5  16842.00  19417.0
39       30.0  15821.900000  2435.009245   9055.0  14997.00  16074.0  17296.00  19573.0
40       30.0  16388.033333  2576.493065  10075.0  15589.25  16458.0  17955.25  21779.0
41       30.0  16581.700000  2535.512723  10003.0  15730.00  16696.5  18236.00  21766.0
42       30.0  17050.200000  2794.111893   9955.0  15870.50  17275.0  18522.50  23061.0
43       30.0  17333.300000  2860.299998  10571.0  16146.25  17504.0  18733.75  23174.0
44       30.0  17866.366667  2916.216544  11541.0  16459.25  18197.0  19397.00  23315.0
45       30.0  18298.966667  2841.681490  12622.0  16631.25  18651.0  19914.50  23532.0
46       30.0  18666.533333  2919.340345  12553.0  16759.25  18896.5  20654.75  24285.0
47       30.0  19203.400000  3164.511256  13036.0  17441.00  19280.5  21080.00  25563.0
48       30.0  19734.100000  3365.568696  13428.0  17468.50  19301.0  21600.75  26480.0
49       30.0  19998.066667  3420.535005  13443.0  17567.00  19557.0  22008.75  27033.0
50       30.0  20336.333333  3471.746051  13739.0  17559.75  20110.5  22207.00  27017.0
51       30.0  20636.933333  3568.796281  13746.0  17912.50  21222.5  22579.00  28297.0
52       30.0  20986.800000  3682.689857  13662.0  18501.75  21376.0  22987.00  28092.0
53       30.0  21385.066667  3622.047163  13861.0  19415.00  21596.0  23758.50  28233.0
54       30.0  21646.433333  3630.106968  14775.0  19645.75  22228.0  23882.00  28389.0
55       30.0  22053.866667  3607.626498  15555.0  19856.75  22474.5  24293.50  28302.0
56       30.0  22380.366667  3557.197536  16251.0  19926.50  22793.5  24136.00  28547.0
57       30.0  22694.600000  3530.518069  16305.0  20203.25  23091.5  24853.75  28760.0
58       30.0  23055.900000  3449.633017  16313.0  20499.75  23254.5  24894.25  28971.0
59       30.0  23707.866667  3479.761384  16566.0  20952.25  23571.5  26720.50  29528.0
60       30.0  24047.966667  3486.205135  16964.0  21526.50  23687.0  27126.25  29616.0
61       30.0  24492.733333  3665.315679  17219.0  21730.25  23993.0  27698.50  30927.0
62       30.0  24953.133333  3883.524028  17554.0  22650.00  24282.5  28354.00  31592.0
63       30.0  25320.166667  3993.224625  18240.0  23022.75  24587.5  28458.50  32161.0
64       30.0  25567.433333  4016.683438  18201.0  23719.00  24660.0  28628.75  32238.0
65       30.0  25905.700000  4168.414221  18224.0  24043.25  25079.5  28685.00  33762.0
66       30.0  26540.233333  4358.651015  19571.0  24006.00  25536.0  30185.75  34897.0
67       30.0  26906.833333  4351.732949  19954.0  24189.00  26540.5  30333.75  35661.0
68       30.0  27223.133333  4334.822629  19984.0  24221.00  26521.5  30554.75  36003.0
69       30.0  27735.233333  4337.843932  20293.0  24299.75  27429.0  30957.25  37056.0
70       30.0  28008.066667  4273.311410  20425.0  24792.00  27664.0  31111.25  37337.0
71       30.0  28539.666667  4253.068388  21827.0  24936.50  28082.0  31647.50  37809.0
72       30.0  29063.666667  4444.323705  22001.0  25361.00  28277.0  31902.50  39252.0
73       30.0  29394.233333  4404.277323  22097.0  26046.25  28911.0  32658.75  39293.0
74       30.0  29750.633333  4461.361726  22415.0  26891.50  29134.5  33138.75  40415.0
75       30.0  30382.033333  4662.664049  22577.0  27412.00  30084.0  33325.00  40269.0
76       30.0  30741.766667  4714.481196  22743.0  27458.25  30409.0  34067.25  40058.0
77       30.0  31234.266667  4662.675634  22816.0  28065.25  30651.0  34339.25  40136.0
78       30.0  31679.966667  4670.957049  23003.0  28649.25  30820.5  34751.75  41384.0
79       30.0  32240.666667  4764.701115  23170.0  28927.75  32168.5  35603.00  41272.0
80       30.0  32641.200000  4801.556317  23399.0  29460.75  32375.0  35975.25  42088.0
81       30.0  33010.100000  4778.095150  23613.0  30125.50  32398.5  35897.75  42247.0
82       30.0  33302.666667  4686.780642  23979.0  30726.25  32734.5  36161.75  42179.0
83       30.0  33714.500000  4538.649630  24293.0  31252.75  33802.0  36099.25  42574.0
84       30.0  34202.866667  4584.646459  24391.0  31638.50  34199.5  37062.00  42522.0
85       30.0  34531.533333  4588.137694  24164.0  31987.00  34256.5  37072.00  43702.0
86       30.0  34730.500000  4546.096619  24858.0  32183.75  34455.0  37269.50  43894.0
87       30.0  35142.466667  4556.669835  25956.0  32933.00  34862.0  37220.75  44330.0
88       30.0  35458.233333  4451.338378  26446.0  33223.00  35493.0  37608.00  44070.0
89       30.0  35640.700000  4492.211268  26707.0  33256.75  35398.5  38372.00  44030.0
90       30.0  36125.266667  4481.217406  26671.0  34510.50  36115.5  38243.25  43913.0
91       30.0  36404.666667  4470.338361  27129.0  34338.50  36455.0  38840.75  44506.0
92       30.0  36801.833333  4523.818665  27279.0  34423.25  36870.5  39262.00  44550.0
93       30.0  37256.400000  4558.978248  27522.0  34511.00  37718.5  39993.25  45059.0
94       30.0  37682.700000  4561.342378  27616.0  34822.00  37839.5  40725.25  45205.0
95       30.0  38058.566667  4575.770187  27736.0  35161.50  38427.5  41089.50  45522.0
96       30.0  38328.800000  4507.934380  27823.0  35970.25  38494.5  41397.00  46151.0
97       30.0  38935.466667  4406.835402  28081.0  36607.25  39105.0  42032.00  46633.0
98       30.0  39374.833333  4512.981774  27786.0  37227.75  39196.0  42858.25  46735.0
99       30.0  39790.600000  4483.120170  29843.0  37439.50  39671.0  43079.50  46826.0
100      30.0  40203.600000  4475.337071  30154.0  37620.25  39722.5  43320.75  47489.0
101      30.0  40528.500000  4541.664382  30507.0  37926.50  39971.0  43698.00  48332.0
102      30.0  40754.433333  4672.572877  30666.0  37854.00  40755.0  44092.00  49386.0
103      30.0  41253.366667  4668.228369  30925.0  38640.00  41469.0  43886.25  49568.0
104      30.0  41599.266667  4715.679853  30875.0  39097.75  41731.5  44080.25  50167.0
105      30.0  41902.266667  4674.612335  31816.0  39399.25  42073.0  44230.00  50212.0
106      30.0  42422.566667  4748.223549  32069.0  39573.25  41920.0  45374.25  50595.0
107      30.0  42848.766667  4725.393103  34084.0  39773.00  42739.0  46212.75  50676.0
108      30.0  43173.666667  4637.815608  34287.0  40499.75  42958.5  46471.75  51191.0
109      30.0  43711.300000  4627.049035  34374.0  40589.50  43858.5  46741.25  51460.0
110      30.0  44090.866667  4727.681292  34508.0  41529.25  44013.5  47024.75  52370.0
111      30.0  44606.466667  4805.026992  34752.0  41709.75  44337.5  47907.75  52533.0
112      30.0  44869.033333  4747.023085  35357.0  41836.75  44796.0  48595.75  52819.0
113      30.0  45109.900000  4739.381571  35551.0  42188.25  45164.5  48990.25  52873.0
114      30.0  45520.933333  4936.792152  35640.0  42365.00  45973.0  49614.00  55143.0
115      30.0  45956.166667  4857.837997  36266.0  42848.00  46489.5  49769.50  55282.0
116      30.0  46387.100000  4933.506310  36682.0  43055.00  47633.5  50064.00  56512.0
117      30.0  46843.733333  5004.962806  37301.0  43257.00  47850.5  50415.50  56723.0
118      30.0  47259.366667  4932.765787  37354.0  43568.75  48160.0  50716.75  57227.0
119      30.0  47615.600000  4949.080692  37405.0  43603.75  48320.5  50585.25  57281.0
120      30.0  47950.833333  5185.138432  37913.0  43739.00  48319.5  51984.25  58947.0
121      30.0  48233.900000  5124.292344  37938.0  44357.75  48478.5  51733.50  60232.0
122      30.0  48553.666667  4986.278879  38046.0  44642.50  49055.0  51855.00  60015.0
123      30.0  48845.033333  5000.455589  38077.0  44983.75  49428.0  52156.00  60147.0
124      30.0  49304.166667  5116.712327  38108.0  45591.50  50019.0  52945.75  60164.0
125      30.0  49595.333333  5106.411591  38608.0  46066.50  49817.0  53694.25  60409.0
126      30.0  50090.766667  4862.290979  39242.0  46835.25  50248.5  54136.50  60335.0
127      30.0  50420.966667  4811.887381  39272.0  46898.25  50947.5  54243.00  60316.0
128      30.0  50834.600000  4863.666905  39281.0  47266.75  51773.5  54349.75  60181.0
129      30.0  51359.966667  4968.620009  39355.0  47885.25  52089.5  54554.25  61062.0
130      30.0  51653.166667  5040.037097  39561.0  48010.50  52485.5  54785.25  61036.0
131      30.0  52127.200000  4994.975899  40055.0  49136.75  52560.5  54945.25  61281.0
132      30.0  52532.900000  4946.352466  39847.0  49846.75  53049.5  55238.25  61423.0
133      30.0  52637.333333  4911.945084  39653.0  50278.75  52947.5  55219.00  61467.0
134      30.0  53208.266667  4941.707250  40154.0  50642.00  53710.0  55285.25  63598.0
135      30.0  53553.166667  5061.641379  40327.0  50911.25  53731.5  56340.75  64350.0
136      30.0  54023.966667  5197.240909  40194.0  51057.75  54237.5  57175.50  65179.0
137      30.0  54435.233333  5193.586387  41704.0  51720.00  54538.5  57436.50  65987.0
138      30.0  54903.866667  5382.387547  42034.0  51989.50  54355.5  57724.00  66767.0
139      30.0  55241.800000  5283.533988  43180.0  52396.75  54928.5  57646.75  66820.0
140      30.0  55507.833333  5101.571395  43159.0  52674.50  55829.0  57726.00  66400.0
141      30.0  55805.100000  5047.054329  43184.0  53387.00  56066.5  57715.00  66564.0
142      30.0  56097.766667  5024.040465  43175.0  53634.25  56254.5  58264.50  66881.0
143      30.0  56485.000000  5167.879336  43081.0  54520.25  56324.5  58740.25  67731.0
144      30.0  56938.700000  5160.533340  43338.0  55100.00  56711.5  59403.00  67798.0
145      30.0  57539.633333  5210.396599  44375.0  55807.75  57394.5  60220.75  68054.0
146      30.0  57867.900000  5215.204273  44280.0  56186.25  57898.5  60520.50  68127.0
147      30.0  58273.733333  5287.713514  45040.0  56299.75  58407.5  61129.75  70055.0
148      30.0  58582.100000  5322.084284  45444.0  56355.50  58483.0  61166.25  71072.0
149      30.0  59019.133333  5360.169945  45597.0  57179.00  58872.5  61480.75  71720.0
150      30.0  59550.200000  5500.391669  45566.0  57336.25  59369.5  62024.75  72212.0
151      30.0  60035.700000  5377.259859  46090.0  57265.25  59769.0  63020.25  71958.0
152      30.0  60360.866667  5331.053811  46452.0  57789.25  60185.5  63078.25  71918.0
153      30.0  60806.166667  5263.454779  46326.0  58198.75  60690.0  63850.00  72251.0
154      30.0  61079.300000  5251.354237  46693.0  58645.25  61248.0  64301.75  72136.0
155      30.0  61386.333333  5187.167896  47953.0  58727.25  61520.5  64283.75  72406.0
156      30.0  61731.466667  5005.999578  49518.0  58826.50  62054.0  64626.00  72576.0
157      30.0  62167.400000  4930.874138  49856.0  59279.25  62327.0  65095.75  72978.0
158      30.0  62718.233333  4904.144403  50697.0  59827.50  62792.5  65655.50  73047.0
159      30.0  63078.300000  5066.898195  50947.0  60109.00  63090.5  65951.75  74493.0
160      30.0  63300.800000  5128.776761  50838.0  60068.75  63289.0  66362.50  74432.0
161      30.0  63627.633333  5160.881744  50955.0  60909.25  63541.5  67092.00  74476.0
162      30.0  64015.066667  5272.915466  51024.0  60966.25  64149.5  67727.75  74083.0
163      30.0  64460.766667  5133.936069  50895.0  61227.75  64368.0  67857.00  74360.0
164      30.0  64904.166667  5251.305848  50877.0  61864.00  65437.5  68464.25  74369.0
165      30.0  65273.200000  5261.067437  50923.0  62458.75  65593.5  69284.25  74334.0
166      30.0  65664.800000  5358.253958  50935.0  63182.75  65951.5  69921.50  75828.0
167      30.0  66037.433333  5380.245179  52537.0  62992.50  66388.5  70351.00  76846.0
168      30.0  66352.100000  5373.158907  53168.0  63271.25  66507.0  70471.50  77129.0
169      30.0  66583.200000  5356.341613  53080.0  63414.00  66533.0  70474.25  78561.0
170      30.0  66853.333333  5433.117822  53010.0  63896.00  66526.5  70654.75  79028.0
171      30.0  67490.566667  5392.638607  53822.0  64306.00  67244.5  71087.50  79224.0
172      30.0  67821.766667  5276.543550  55297.0  64310.50  67382.0  71131.25  79261.0
173      30.0  68230.733333  5280.775687  55450.0  64943.75  68635.5  71188.00  80362.0
174      30.0  68595.200000  5196.631352  56602.0  65338.00  69119.0  71947.25  80795.0
175      30.0  68920.600000  5170.247780  56737.0  66556.75  69237.5  72035.25  80646.0
176      30.0  69380.600000  5246.113357  56823.0  66996.00  69308.5  72545.50  80752.0
177      30.0  69767.666667  5247.344362  56807.0  66929.25  70013.5  73349.25  81213.0
178      30.0  69948.800000  5228.437219  56705.0  67406.75  70331.5  72993.00  81308.0
179      30.0  70246.066667  5235.063481  57022.0  68214.75  70468.0  73215.00  81321.0
180      30.0  70672.766667  5268.582075  57042.0  69440.00  71013.5  73872.00  81918.0
181      30.0  70977.500000  5303.109782  57599.0  69431.50  71124.0  74545.75  82529.0
182      30.0  71428.700000  5315.901203  58349.0  69639.25  71330.5  74574.75  82683.0
183      30.0  71780.433333  5217.966539  58757.0  69737.75  71599.0  74570.25  83136.0
184      30.0  71995.866667  5219.941060  58542.0  69988.25  71833.0  74939.00  83526.0
185      30.0  72315.566667  5226.718953  59001.0  70851.00  72661.0  75253.25  83522.0
186      30.0  72773.333333  5467.456159  59498.0  71238.50  72826.0  75876.50  86352.0
187      30.0  73232.600000  5600.837281  59508.0  71214.50  73440.5  76392.75  87337.0
188      30.0  73558.566667  5666.206191  59885.0  71479.50  73596.5  76279.50  88228.0
189      30.0  73881.366667  5810.264179  60229.0  71565.75  73824.5  77172.50  89645.0
190      30.0  74255.033333  5760.247759  60387.0  71904.00  74310.0  77451.50  89591.0
191      30.0  74453.700000  5813.414927  60448.0  72088.25  75068.5  77384.50  90069.0
192      30.0  74808.833333  5877.569244  60248.0  72645.75  75358.0  77497.00  90259.0
193      30.0  75420.533333  5594.038679  60636.0  73250.00  76439.0  77756.25  90240.0
194      30.0  75851.566667  5587.869310  60748.0  73765.75  76906.5  78175.50  90150.0
195      30.0  76388.800000  5794.117834  60295.0  74365.25  77063.5  79120.75  90503.0
196      30.0  76641.300000  5822.513287  60330.0  74487.75  77394.0  79500.00  90366.0
197      30.0  77065.766667  5857.108205  61521.0  74705.25  78125.0  79913.25  90470.0
198      30.0  77353.100000  5870.416594  61575.0  75152.25  78010.0  80291.50  90930.0
199      30.0  77668.333333  5838.616672  62515.0  75193.75  77997.5  80785.00  91114.0
200      30.0  78203.966667  6040.864613  62775.0  76283.00  78069.5  81014.25  93831.0
201      30.0  78475.400000  6008.268128  63288.0  76627.00  78251.0  81784.25  93701.0
202      29.0  78264.275862  5476.244020  63076.0  77012.00  78482.0  82064.00  87004.0
203      29.0  78643.758621  5471.445367  63181.0  76932.00  79258.0  81920.00  87164.0
204      29.0  78972.965517  5495.233659  63562.0  77435.00  79649.0  82268.00  87347.0
205      29.0  79433.068966  5435.123937  63740.0  77831.00  80006.0  82226.00  88546.0
206      28.0  79571.178571  4717.698929  68337.0  77763.00  80279.0  82324.25  88177.0
207      28.0  79881.178571  4770.593348  68530.0  78015.50  80519.0  82691.50  88923.0
208      26.0  79555.115385  4316.413310  68876.0  78277.75  80423.0  82630.50  84852.0
209      26.0  79781.923077  4367.385973  68801.0  78395.25  80489.5  82799.00  86420.0
210      26.0  80026.115385  4443.486697  69214.0  78298.50  80767.0  82952.75  86809.0
211      26.0  80429.230769  4551.828497  69465.0  78596.00  81691.5  83441.00  87013.0
212      26.0  80694.692308  4489.255081  69373.0  78878.75  81919.5  83856.25  87208.0
213      26.0  81027.923077  4473.538724  69769.0  79375.25  82060.0  84283.50  87160.0
214      26.0  81603.961538  4435.284437  69857.0  80318.00  82744.0  84945.75  87196.0
215      26.0  81998.615385  4435.566472  71499.0  80255.50  83060.0  85404.00  87313.0
216      26.0  82553.538462  4245.828656  72852.0  81377.75  83488.5  85342.00  88381.0
217      26.0  82729.384615  4263.409219  72900.0  81528.00  83513.5  85463.25  88495.0
218      26.0  83075.769231  4120.900283  73304.0  81608.00  83867.0  86060.25  88828.0
219      26.0  83438.423077  4212.509420  73362.0  82338.00  84359.5  86316.75  88848.0
220      26.0  83777.346154  4323.195632  72938.0  82570.25  84506.0  86634.75  89769.0
221      26.0  84178.769231  4374.523474  73182.0  82767.50  85448.0  87054.75  90266.0
222      26.0  84502.538462  4366.758296  73233.0  83078.00  85824.0  87488.00  90937.0
223      25.0  84686.960000  4393.638768  73120.0  83158.00  86001.0  87783.00  90995.0
224      25.0  85165.760000  4420.025917  73360.0  83435.00  86615.0  87835.00  91012.0
225      24.0  85549.125000  4026.620800  76675.0  84509.50  86710.5  87568.00  91102.0
226      24.0  86076.750000  3970.934434  76876.0  84830.00  86865.5  88737.25  90994.0
227      24.0  86565.916667  4160.261184  77356.0  84912.00  87292.5  90004.00  91333.0
228      24.0  86805.291667  4115.527432  77952.0  84983.50  87901.0  89969.50  91750.0
229      24.0  87140.500000  4177.881645  78533.0  85064.25  87724.0  90671.00  92097.0
230      21.0  87080.333333  4305.772176  78470.0  85699.00  87436.0  90857.00  92828.0
231      20.0  87193.600000  4452.000572  78532.0  85755.50  87502.0  89269.00  93660.0
232      20.0  87490.950000  4505.939302  78657.0  85780.50  87995.5  89739.75  94164.0
233      19.0  87410.947368  4462.786305  78735.0  85901.00  87891.0  89793.00  94180.0
234      17.0  87406.058824  4571.316283  79203.0  85843.00  88090.0  89861.00  94429.0
235      17.0  87894.352941  4606.056854  79496.0  86468.00  88217.0  90713.00  94938.0
236      15.0  87738.466667  4602.325776  79501.0  84496.00  88858.0  90581.50  94869.0
237      15.0  88060.000000  4728.800588  79434.0  85084.50  89634.0  90615.50  95368.0
238      14.0  88187.500000  4659.996678  79910.0  84049.25  89812.0  90720.75  96017.0
239      12.0  88155.500000  4935.444467  80679.0  82843.50  89741.0  91050.25  96345.0
240      11.0  88471.000000  5156.559318  81470.0  83253.50  90094.0  91670.00  96898.0
241      10.0  88273.900000  4772.458566  82100.0  83797.00  89238.0  91339.50  96824.0
242      10.0  88720.100000  4623.185829  82523.0  84458.25  89930.5  91344.75  97114.0
243      10.0  88989.300000  4427.666982  83473.0  85170.00  89923.0  91325.00  97117.0
244       9.0  89322.444444  4435.155891  83482.0  85584.00  90651.0  91554.00  97075.0
245       8.0  88782.250000  3514.673761  83510.0  86401.50  88971.0  91499.00  93026.0
246       8.0  89347.625000  3333.095127  83860.0  87114.00  90454.0  91571.50  93031.0
247       8.0  89743.375000  3078.299713  84240.0  87598.75  90743.0  91898.25  93187.0
248       8.0  90190.500000  3061.509245  84719.0  88092.00  91580.0  92226.00  93481.0
249       8.0  90413.375000  3120.639584  85131.0  88080.50  91528.5  92678.50  93819.0
250       7.0  90256.857143  3266.501157  84817.0  88264.00  91444.0  92541.00  93927.0
251       6.0  90314.333333  3704.300888  84998.0  88095.25  90616.0  92686.00  95025.0
252       6.0  90756.500000  4039.122764  85313.0  88358.50  90768.0  92745.50  96730.0
253       6.0  90917.666667  4005.742761  85331.0  88647.25  90806.5  93333.25  96459.0
254       6.0  91645.500000  4106.130770  85346.0  90103.75  91484.5  93710.50  97462.0
255       4.0  89855.000000  3101.517263  85392.0  89127.00  90767.0  91495.00  92494.0
256       4.0  89891.500000  3007.872171  85573.0  89258.50  90731.5  91364.50  92530.0
257       4.0  90196.250000  3125.804363  85687.0  89411.50  91173.5  91958.25  92751.0
258       3.0  90172.333333  3765.729190  85928.0  88702.00  91476.0  92294.50  93113.0
259       3.0  90478.666667  4273.321464  85855.0  88576.50  91298.0  92790.50  94283.0
260       2.0  90399.500000  5823.024343  86282.0  88340.75  90399.5  92458.25  94517.0
261       2.0  90694.000000  5625.741551  86716.0  88705.00  90694.0  92683.00  94672.0
262       2.0  90961.000000  5357.040974  87173.0  89067.00  90961.0  92855.00  94749.0
263       2.0  91312.500000  5650.490288  87317.0  89314.75  91312.5  93310.25  95308.0
264       1.0  87373.000000          NaN  87373.0  87373.00  87373.0  87373.00  87373.0
265       1.0  87117.000000          NaN  87117.0  87117.00  87117.0  87117.00  87117.0
266       1.0  87646.000000          NaN  87646.0  87646.00  87646.0  87646.00  87646.0
267       1.0  87758.000000          NaN  87758.0  87758.00  87758.0  87758.00  87758.0
268       1.0  88002.000000          NaN  88002.0  88002.00  88002.0  88002.00  88002.0
269       1.0  88592.000000          NaN  88592.0  88592.00  88592.0  88592.00  88592.0
270       1.0  88652.000000          NaN  88652.0  88652.00  88652.0  88652.00  88652.0
271       1.0  88704.000000          NaN  88704.0  88704.00  88704.0  88704.00  88704.0
272       1.0  88995.000000          NaN  88995.0  88995.00  88995.0  88995.00  88995.0
273       1.0  89262.000000          NaN  89262.0  89262.00  89262.0  89262.00  89262.0
274       1.0  89386.000000          NaN  89386.0  89386.00  89386.0  89386.00  89386.0
275       1.0  89724.000000          NaN  89724.0  89724.00  89724.0  89724.00  89724.0
276       1.0  89621.000000          NaN  89621.0  89621.00  89621.0  89621.00  89621.0
277       1.0  90820.000000          NaN  90820.0  90820.00  90820.0  90820.00  90820.0
